1	8	2	2	50	0	0.78125	0.615384615
2	50	6	10	1500	15	1	0.563861758
3	30	3	10	308	8	1.140740741	0.684210526
4	38	4	3	846	9	0.439404432	0.559606521
5	13	4	5	672	12	4.970414201	-0.5
6	22	3	4	1492	5	4.110192837	-0.823529412
7	11	4	8	715	15	11.81818182	-0.666666667
8	15	6	4	946	3	2.802962963	-0.7
9	32	2	8	592	14	2.3125	-0.8
10	44	2	5	860	13	1.11053719	0.6
11	21	3	8	1430	3	8.647014361	-0.333333333
12	10	2	5	163	10	4.075	0
13	41	3	9	734	11	1.309934563	0.610132159
14	34	6	6	992	11	0.858131488	0.583008574
15	31	6	3	218	8	0.113423517	0.229944572
16	28	2	5	805	1	2.566964286	0.746192893
17	30	4	8	270	14	0.6	0.699066214
18	32	2	8	1260	2	4.921875	-0.722222222
19	25	4	7	1483	0	4.1524	-0.182926829
20	46	3	10	240	7	0.378071834	0.624460478
21	18	2	3	1064	14	4.925925926	0
22	25	4	6	1174	6	2.8176	-0.682539683
23	11	3	6	61	10	1.008264463	0.666666667
24	48	6	10	680	13	0.491898148	0.654762224
25	21	6	9	1334	14	4.537414966	-0.88372093
26	21	3	9	365	14	2.482993197	-0.666666667
27	16	2	8	1262	3	19.71875	0
28	18	5	2	731	15	0.902469136	0.5375
29	8	4	4	346	7	5.40625	0
30	46	6	9	662	7	0.469281664	0.520013159
31	22	3	10	181	5	1.246556474	0.663366337
32	21	6	2	55	6	0.041572184	0.023989545
33	42	2	7	182	13	0.361111111	0.607570023
34	16	4	4	1323	8	5.16796875	-0.714285714
35	15	3	6	1258	7	11.18222222	0
36	45	3	9	358	6	0.53037037	0.683551006
37	31	5	3	328	13	0.204786681	0.425719008
38	22	6	4	425	3	0.585399449	0.447627574
39	11	4	2	79	15	0.326446281	0.709183673
40	45	5	6	858	15	0.508444444	0.613988364
41	49	4	5	454	2	0.23635985	0.27480492
42	39	3	8	853	2	1.495507342	0.721450617
43	9	2	2	827	4	10.20987654	0.5
44	50	4	8	1350	9	1.08	0.678864411
45	32	4	8	1472	4	2.875	0.157303371
46	34	5	8	947	5	1.310726644	0.335382895
47	29	3	7	619	7	1.717399921	-0.105263158
48	35	4	8	589	6	0.961632653	0.599063506
49	26	6	2	262	2	0.129191321	0.171721427
50	24	3	5	1334	13	3.859953704	-0.909090909
51	22	6	6	759	7	1.568181818	-0.192
52	27	2	3	1028	14	2.115226337	0.2
53	41	3	2	257	7	0.101923458	0.152775658
54	24	4	10	888	9	3.854166667	-0.888888889
55	11	3	5	523	9	7.203856749	-0.5
56	18	4	8	1109	2	6.845679012	-0.7
57	14	4	2	633	12	1.614795918	-0.428571429
58	48	6	4	1245	8	0.360243056	0.507049302
59	22	3	2	1317	11	1.814049587	-0.176470588
60	25	5	7	1243	0	2.78432	0.368253968
61	42	5	5	301	14	0.170634921	0.281259487
62	25	6	7	602	3	1.123733333	0.424517594
63	43	2	9	524	14	1.275283937	0.768442623
64	20	4	8	74	7	0.37	0.43226257
65	38	2	9	1088	9	3.390581717	0.038461538
66	46	2	2	566	5	0.267485822	0.506297229
67	9	4	6	665	11	12.31481481	0
68	8	5	7	930	15	20.34375	0
69	41	2	3	597	9	0.53271862	0.701234568
70	24	3	8	456	6	2.111111111	-0.296296296
71	16	3	7	923	5	8.412760417	0
72	47	3	9	575	9	0.780896333	0.825402738
73	37	5	3	818	6	0.358509861	0.498315148
74	45	6	2	974	0	0.160329218	0.209317052
75	44	3	4	871	2	0.599862259	0.593720712
76	21	5	9	818	11	3.33877551	-0.78125
77	38	3	3	925	10	0.640581717	0.687466088
78	41	3	5	1187	4	1.176878842	0.781782862
79	21	5	3	1432	15	1.94829932	-0.630434783
80	28	3	6	622	14	1.586734694	0.515151515
81	49	4	7	1338	13	0.975218659	0.684678403
82	44	5	10	549	15	0.56714876	0.689843117
83	42	5	2	596	9	0.135147392	0.254247768
84	46	2	10	1329	7	3.140359168	0.226415094
85	8	6	3	1077	3	8.4140625	-0.5
86	47	4	4	1119	13	0.506564056	0.527117797
87	39	4	2	678	5	0.222879684	0.307692308
88	27	6	4	241	8	0.220393233	0.360850965
89	28	3	5	1319	1	2.803996599	0.588693957
90	45	4	8	502	8	0.495802469	0.612205243
91	32	3	5	456	12	0.7421875	0.868904876
92	23	3	4	427	15	1.076244486	-0.536585366
93	17	2	6	777	6	8.065743945	0
94	41	5	9	565	11	0.604997026	0.583572514
95	12	5	4	1330	1	7.388888889	-0.785714286
96	9	4	9	848	6	23.55555556	0
97	34	3	7	536	8	1.08189158	0.684210526
98	22	5	8	653	0	2.158677686	0.523415978
99	17	5	9	1289	15	8.028373702	-0.75
100	36	3	9	431	4	0.997685185	0.791555949
101	29	2	8	531	7	2.525564804	0.529411765
102	30	5	9	816	4	1.632	0.284541724
103	27	6	8	763	6	1.395518976	-0.442201835
104	30	2	9	1402	8	7.01	0
105	35	6	7	548	2	0.521904762	0.496133934
106	33	3	7	1291	1	2.766146312	0.574421169
107	35	5	9	851	12	1.25044898	0.007023705
108	39	4	7	359	7	0.413050625	0.440128669
109	47	4	3	840	8	0.285196922	0.452266716
110	46	6	6	1130	9	0.534026465	0.532943262
111	23	4	7	1156	6	3.824196597	-0.761904762
112	9	4	5	1211	13	18.6882716	0
113	10	4	2	1298	12	6.49	0
114	10	3	9	664	0	19.92	-0.5
115	30	4	2	982	3	0.545555556	0.614697719
116	45	4	9	865	3	0.961111111	0.632152007
117	19	2	3	629	11	2.613573407	0
118	14	3	3	451	2	2.301020408	0.142857143
119	11	4	5	228	0	2.355371901	0.230769231
120	18	3	8	1325	8	10.90534979	-0.333333333
121	35	4	4	982	10	0.801632653	0.548600884
122	37	5	9	1340	2	1.761869978	0.576836702
123	50	4	5	881	12	0.4405	0.520931154
124	25	5	7	438	7	0.98112	0.443725744
125	38	2	6	605	8	1.256925208	0.737704918
126	17	2	8	735	8	10.17301038	0
127	47	5	9	875	3	0.712992304	0.653464789
128	48	3	2	1206	10	0.348958333	0.706277663
129	37	2	2	1341	3	0.979547115	0.802518892
130	47	3	7	599	12	0.632714652	0.743670224
131	26	2	4	1240	7	3.668639053	-0.375
132	14	3	9	552	1	8.448979592	-0.6
133	40	6	2	1243	1	0.258958333	0.264833925
134	32	5	7	1373	0	1.877148438	0.326335878
135	26	3	9	287	5	1.273668639	0.600823045
136	49	6	8	1381	7	0.766902679	0.643280816
137	41	4	8	1163	14	1.383700178	0.156682028
138	33	4	5	704	0	0.808080808	0.625812712
139	44	6	8	956	9	0.658402204	0.594424814
140	43	3	9	726	8	1.177934018	0.713939394
141	10	5	3	970	12	5.82	-0.333333333
142	17	3	5	320	13	1.84544406	-0.4
143	50	5	2	1194	6	0.19104	0.286836689
144	28	2	6	1359	13	5.200255102	0
145	24	3	3	1286	9	2.232638889	-0.363636364
146	21	3	10	1062	14	8.027210884	-0.666666667
147	50	5	6	851	13	0.40848	0.593002707
148	17	5	2	1490	10	2.062283737	-0.6875
149	38	4	10	237	0	0.41031856	0.370909844
150	48	3	7	184	1	0.186342593	0.318798095
151	42	3	2	582	7	0.219954649	0.349488385
152	34	3	3	348	0	0.301038062	0.365990302
153	39	3	3	1406	1	0.924391847	0.694307679
154	8	2	10	1385	9	108.203125	0
155	25	3	5	1305	8	3.48	-0.777777778
156	29	2	9	1311	7	7.014863258	0
157	30	6	6	475	10	0.527777778	0.603510583
158	38	4	8	260	12	0.360110803	0.58396055
159	24	4	2	322	0	0.279513889	0.275948698
160	23	3	6	614	0	2.321361059	0.587912088
161	19	2	9	1231	10	15.34487535	0
162	32	2	6	1380	5	4.04296875	-0.846153846
163	14	6	2	943	12	1.603741497	-0.733333333
164	42	2	2	1257	9	0.712585034	0.450456544
165	10	2	7	759	8	26.565	0
166	15	2	4	916	9	8.142222222	0.5
167	47	5	9	375	7	0.30556813	0.562977739
168	38	4	2	1185	0	0.41031856	0.440031862
169	11	4	5	1206	0	12.45867769	-0.25
170	18	5	9	528	12	2.933333333	-0.862068966
171	19	5	5	1269	7	3.515235457	-0.590909091
172	49	2	5	279	6	0.290503957	0.541662847
173	50	5	3	825	3	0.198	0.235511392
174	26	6	4	1009	6	0.995069034	0.547717842
175	22	4	9	908	14	4.22107438	-0.6
176	45	2	4	1498	11	1.479506173	0.517831669
177	15	4	5	1138	9	6.322222222	-0.714285714
178	32	5	8	1345	11	2.1015625	-0.359259259
179	35	4	4	256	10	0.208979592	0.387159249
180	22	2	6	1424	6	8.826446281	0
181	13	5	4	1385	5	6.556213018	-0.6
182	20	2	3	1373	12	5.14875	0
183	30	5	7	215	9	0.334444444	0.485767462
184	47	4	10	537	6	0.607741059	0.609638932
185	23	6	10	453	5	1.427221172	0.273809524
186	50	2	9	1494	12	2.6892	-0.180327869
187	50	5	9	834	2	0.60048	0.54853151
188	27	5	9	1184	0	2.92345679	0.169491525
189	39	3	2	917	1	0.401928556	0.469968863
190	37	3	10	291	15	0.708546384	0.83358054
191	24	2	8	1329	6	9.229166667	-0.8
192	36	3	2	296	9	0.152263374	0.329188244
193	49	3	2	949	8	0.263501319	0.467625173
194	8	2	4	1398	15	43.6875	0
195	20	3	10	859	3	7.158333333	-0.333333333
196	14	3	2	772	2	2.62585034	0.842105263
197	20	4	2	78	7	0.0975	0.195990693
198	44	2	7	300	2	0.542355372	0.567074963
199	35	2	7	278	4	0.794285714	0.638651472
200	19	5	6	768	14	2.552908587	-0.875
201	47	4	5	141	4	0.079787234	0.120933249
202	25	3	6	438	1	1.4016	0.685240964
203	22	4	5	1342	1	3.465909091	-0.365384615
204	35	4	5	760	5	0.775510204	0.549060943
205	45	3	7	984	14	1.13382716	0.777357062
206	26	3	4	673	6	1.327416174	0.245398773
207	20	2	9	1141	5	12.83625	0
208	47	3	6	369	13	0.334087823	0.611484373
209	39	4	4	1363	14	0.896120973	0.644887412
210	40	5	4	1330	6	0.665	0.58289846
211	10	2	3	126	13	1.89	0
212	27	3	5	141	8	0.322359396	0.64646979
213	25	2	3	320	3	0.768	0.865930599
214	21	2	2	583	10	1.321995465	0.529411765
215	21	4	4	1135	14	2.573696145	-0.870967742
216	12	3	5	642	9	7.430555556	-0.5
217	16	3	7	1106	15	10.08072917	-0.333333333
218	49	6	7	659	0	0.3202138	0.335163476
219	12	4	2	667	6	2.315972222	-0.25
220	30	6	5	1439	12	1.332407407	-0.265997491
221	13	6	9	1080	7	9.585798817	-0.818181818
222	28	4	8	1070	2	2.729591837	0.310880829
223	11	2	7	784	7	22.67768595	0.5
224	50	4	7	1157	2	0.8099	0.686164201
225	50	2	6	1209	2	1.4508	0.79539823
226	50	2	7	224	6	0.3136	0.685701559
227	32	6	8	252	12	0.328125	0.501891021
228	43	6	9	266	11	0.21579232	0.317950214
229	41	5	9	531	12	0.568590125	0.587191089
230	39	3	9	1321	4	2.605522682	0.529069767
231	9	4	9	1204	5	33.44444444	0
232	16	2	8	658	1	10.28125	0
233	12	5	8	1274	3	14.15555556	-0.5
234	20	5	3	1056	7	1.584	0.336956522
235	17	5	6	1066	13	4.426297578	-0.785714286
236	35	5	6	1445	8	1.415510204	0.248220641
237	13	3	2	870	12	3.431952663	0
238	11	6	4	1366	3	7.526170799	-0.6
239	44	3	2	666	6	0.229338843	0.381903875
240	13	3	10	861	7	16.98224852	0
241	10	2	6	414	3	12.42	0
242	31	2	2	160	7	0.166493236	0.339617834
243	31	2	2	1013	9	1.054110302	0.608
244	37	6	5	291	10	0.177136596	0.307889734
245	16	6	9	1310	10	7.67578125	-0.8125
246	38	5	9	613	10	0.764127424	0.37659176
247	36	6	9	896	8	1.037037037	0.519736842
248	48	3	7	282	13	0.285590278	0.601703043
249	32	6	2	167	13	0.054361979	0.066385816
250	37	5	7	801	15	0.819138057	0.593851133
251	44	3	4	1208	0	0.831955923	0.664810575
252	27	4	4	1128	11	1.547325103	-0.362637363
253	37	5	3	1278	13	0.560116874	0.561990308
254	18	3	6	1252	8	7.728395062	-0.666666667
255	8	6	7	188	11	3.427083333	0
256	26	3	6	1328	3	3.928994083	-0.888888889
257	49	4	10	602	14	0.626822157	0.776001505
258	24	3	9	1119	0	5.828125	0.333333333
259	31	5	4	1409	10	1.172944849	0.049327354
260	30	2	2	592	14	0.657777778	0.856470588
261	21	3	3	1230	1	2.789115646	0.636363636
262	43	3	9	366	10	0.593834505	0.761862264
263	44	2	10	1015	4	2.621384298	0.425675676
264	10	2	9	1018	15	45.81	0
265	8	2	4	175	5	5.46875	0
266	49	2	3	319	1	0.199291962	0.460769231
267	29	4	7	1019	15	2.12039239	-0.778846154
268	26	2	10	1222	8	9.038461538	0
269	21	3	7	415	0	2.195767196	0.431952663
270	12	3	2	621	9	2.875	0
271	42	3	3	622	4	0.35260771	0.582170227
272	43	4	4	327	3	0.176852353	0.181946972
273	24	2	4	94	3	0.326388889	0.403183024
274	29	6	8	518	1	0.82124455	0.486447675
275	16	2	3	1273	15	7.458984375	0
276	38	4	6	309	14	0.32098338	0.628882735
277	31	5	7	1245	13	1.813735692	-0.384375
278	28	3	2	285	3	0.242346939	0.52892562
279	15	3	5	1252	14	9.274074074	0
280	38	3	4	425	14	0.39242844	0.719231917
281	28	5	10	1317	15	3.359693878	-0.944954128
282	39	6	8	944	1	0.827525751	0.466741166
283	34	4	6	156	11	0.202422145	0.327498788
284	36	3	5	751	12	0.965792181	0.710526316
285	17	4	2	1187	5	2.053633218	-0.695652174
286	10	4	7	920	9	16.1	-0.5
287	35	4	9	177	1	0.325102041	0.395572878
288	30	5	2	1351	10	0.600444444	0.631322593
289	26	3	3	780	3	1.153846154	0.468834688
290	31	6	3	1144	11	0.595213319	0.551937984
291	30	6	6	265	10	0.294444444	0.435710211
292	14	6	3	1352	10	3.448979592	-0.875
293	39	6	4	1081	6	0.473811089	0.581012111
294	29	6	9	570	12	1.016646849	-0.086677368
295	15	6	5	822	9	3.044444444	-0.636363636
296	22	2	6	1077	5	6.675619835	0
297	49	3	2	459	3	0.127446897	0.206700405
298	30	2	7	553	7	2.150555556	-0.1
299	41	6	10	1059	7	1.049970256	0.523513753
300	13	4	9	1011	1	13.46005917	-0.5
301	24	3	6	570	2	1.979166667	0.48245614
302	24	2	3	565	4	1.471354167	0.846153846
303	16	6	7	124	14	0.565104167	0.349206349
304	34	6	6	1095	6	0.947231834	0.55945122
305	47	6	10	473	4	0.356873397	0.447369839
306	20	2	7	60	4	0.525	0.64
307	41	6	7	652	0	0.452508428	0.463371463
308	47	4	4	676	3	0.306020824	0.457086757
309	41	4	7	554	2	0.576740036	0.52623596
310	24	6	2	1338	9	0.774305556	0.400548697
311	19	5	3	233	1	0.387257618	0.424623116
312	46	5	7	748	11	0.49489603	0.620072906
313	34	2	3	850	12	1.102941176	0.64
314	25	2	7	342	9	1.9152	0.5
315	26	2	6	1091	2	4.841715976	-0.230769231
316	34	2	8	173	11	0.598615917	0.836705202
317	25	3	4	498	4	1.0624	0.759562842
318	34	2	5	856	3	1.851211073	0.628820961
319	13	2	7	1038	0	21.49704142	-0.5
320	21	2	7	95	10	0.753968254	0.446153846
321	9	2	8	660	9	32.59259259	0.5
322	19	5	2	159	5	0.176177285	0.437083642
323	43	2	3	1099	10	0.891563007	0.734970364
324	46	5	6	1093	1	0.619848771	0.489423793
325	16	5	3	295	4	0.69140625	0.646808511
326	50	2	9	852	6	1.5336	0.812933025
327	20	2	4	370	7	1.85	0.2
328	15	6	8	1226	0	7.265185185	-0.379310345
329	9	6	5	621	4	6.388888889	-0.5
330	34	4	9	323	0	0.628676471	0.528122271
331	23	6	4	1401	0	1.765595463	0.147840532
332	12	6	4	1309	8	6.060185185	-0.8
333	25	5	7	245	3	0.5488	0.706408776
334	49	2	8	991	0	1.650978759	0.841600438
335	45	4	4	1346	4	0.664691358	0.725830473
336	31	3	7	532	2	1.291710024	0.654028436
337	37	4	7	683	11	0.873082542	0.597350462
338	28	4	5	102	9	0.162627551	0.262260419
339	20	3	2	1352	13	2.253333333	-0.5
340	14	4	10	997	11	12.71683673	-0.333333333
341	37	4	3	1081	15	0.592220599	0.659391449
342	26	6	9	857	6	1.901627219	-0.36977492
343	31	3	3	744	7	0.774193548	0.82848
344	34	2	4	1436	7	2.484429066	0.695121951
345	37	5	5	889	11	0.649379109	0.58861555
346	28	4	9	308	0	0.883928571	0.652107669
347	10	5	8	993	11	15.888	0
348	41	5	8	621	11	0.59107674	0.598181515
349	31	4	2	744	13	0.387096774	0.706563707
350	26	6	10	336	2	0.828402367	0.505913272
351	38	3	6	318	12	0.440443213	0.622093738
352	13	3	3	1499	6	8.869822485	0
353	12	2	8	965	2	26.80555556	0
354	20	6	9	283	0	1.06125	0.66223132
355	36	4	7	1487	11	2.007908951	-0.697530864
356	48	5	3	970	10	0.252604167	0.426969596
357	11	3	8	330	3	7.272727273	-0.666666667
358	30	6	10	1204	4	2.22962963	-0.338118022
359	12	3	4	1057	11	9.787037037	0
360	25	2	8	261	12	1.6704	-0.46875
361	13	3	7	1272	15	17.56213018	0
362	14	4	9	195	8	2.238520408	-0.5
363	20	6	8	409	7	1.363333333	0.063063063
364	23	3	8	238	9	1.199747952	0.585858586
365	39	6	7	998	8	0.76550515	0.64663112
366	43	2	5	942	15	1.273661439	0.791878173
367	31	6	5	136	12	0.117932709	0.249769491
368	48	4	2	321	14	0.069661458	0.167901705
369	14	3	7	59	13	0.702380952	0.714285714
370	34	2	6	805	5	2.089100346	0.615384615
371	44	2	6	631	4	0.977789256	0.784025559
372	42	5	5	227	3	0.128684807	0.184533388
373	12	6	8	1321	2	12.23148148	-0.5
374	20	5	8	1094	11	4.376	-0.857142857
375	21	3	10	958	10	7.24111867	-0.333333333
376	30	5	2	1135	14	0.504444444	0.564346263
377	17	5	9	453	12	2.821453287	-0.785714286
378	17	6	9	1173	3	6.088235294	-0.652173913
379	29	4	7	204	15	0.424494649	0.726129981
380	21	2	10	1242	9	14.08163265	0
381	9	4	2	778	9	4.802469136	0
382	31	4	7	266	4	0.484391259	0.606963928
383	31	4	4	484	14	0.50364204	0.557296539
384	37	3	3	185	12	0.135135135	0.210112127
385	13	6	2	87	8	0.171597633	0.286919831
386	20	4	3	975	13	1.828125	-0.578947368
387	21	3	10	1173	4	8.866213152	-0.333333333
388	11	3	2	218	11	1.201101928	-0.083333333
389	19	6	2	205	3	0.189289012	0.329376164
390	36	6	4	141	4	0.072530864	0.061474545
391	24	2	3	936	2	2.4375	0.683168317
392	18	3	8	630	0	5.185185185	0.142857143
393	40	5	6	1367	6	1.02525	0.560316206
394	49	6	7	431	14	0.209426628	0.368672438
395	11	5	3	199	10	0.98677686	0.2
396	38	4	7	108	4	0.130886427	0.216122718
397	18	3	5	911	8	4.686213992	-0.666666667
398	35	6	2	1352	6	0.367891156	0.387927373
399	17	3	6	1076	12	7.446366782	0
400	35	2	2	1171	5	0.955918367	0.620224719
401	13	3	3	881	0	5.213017751	0.333333333
402	9	5	10	122	2	3.012345679	0.166666667
403	8	3	10	725	13	37.76041667	0
404	13	2	2	867	5	5.130177515	0
405	37	4	3	603	15	0.330350621	0.608462499
406	13	4	5	417	3	3.084319527	-0.428571429
407	47	5	7	113	4	0.071616116	0.111978886
408	36	5	5	1373	3	1.05941358	0.661861678
409	50	2	9	1219	1	2.1942	0.644966443
410	33	5	4	296	0	0.217447199	0.210495228
411	38	6	7	431	15	0.34822253	0.555266662
412	34	3	8	1442	5	3.326412918	-0.28
413	21	3	9	566	12	3.850340136	-0.333333333
414	36	6	10	244	1	0.313786008	0.388176758
415	32	6	4	1310	1	0.852864583	0.563500795
416	31	4	9	738	4	1.727887617	0.29587156
417	30	2	3	1148	10	1.913333333	0.529411765
418	43	6	2	923	2	0.16639625	0.237662722
419	28	4	6	461	5	0.882015306	0.743213898
420	41	3	2	1160	11	0.460043625	0.834110697
421	11	3	10	1376	11	37.90633609	-0.5
422	50	3	8	871	4	0.929066667	0.753681697
423	44	2	7	1393	10	2.518336777	0.369230769
424	27	3	6	744	10	2.041152263	-0.888888889
425	14	3	6	752	4	7.673469388	0
426	22	6	2	1087	2	0.74862259	0.544936709
427	17	2	9	1288	8	20.05536332	0
428	25	6	5	1256	3	1.674666667	-0.347826087
429	33	5	2	273	8	0.100275482	0.189702133
430	38	5	3	137	0	0.056925208	0.080851778
431	49	5	8	1034	15	0.689046231	0.583302972
432	19	6	10	431	0	1.989843029	0.330097087
433	8	2	4	1277	14	39.90625	0
434	26	2	7	1024	1	5.301775148	0.2
435	49	5	3	726	9	0.181424406	0.320754568
436	9	6	8	1133	6	18.65020576	-0.5
437	27	5	7	1146	10	2.200823045	-0.579710145
438	48	3	3	376	6	0.163194444	0.352331863
439	18	5	10	1275	5	7.87037037	-0.714285714
440	49	5	7	1334	4	0.777842566	0.638336538
441	48	6	3	954	7	0.20703125	0.365564202
442	39	5	2	385	13	0.101249178	0.200503742
443	47	6	9	1320	5	0.896333182	0.61972634
444	39	4	8	434	13	0.570677186	0.69373655
445	18	5	2	1266	3	1.562962963	-0.2375
446	43	3	3	1336	15	0.722552731	0.594940867
447	14	2	6	1163	5	17.80102041	0
448	34	4	7	753	4	1.139922145	0.689961881
449	28	3	3	1258	3	1.604591837	0.750380518
450	39	5	10	956	10	1.257067719	0.276020702
451	9	6	5	1258	9	12.94238683	-0.6
452	30	4	4	1450	13	1.611111111	0.122119816
453	8	6	3	1416	7	11.0625	0
454	25	5	8	980	6	2.5088	-0.54248366
455	43	4	3	1092	15	0.442942131	0.6441811
456	31	2	2	282	9	0.293444329	0.606290041
457	41	2	5	1497	13	2.226353361	-0.444444444
458	46	4	3	588	9	0.208412098	0.417541006
459	19	5	10	699	12	3.872576177	-0.8
460	22	2	2	742	4	1.533057851	0.513513514
461	41	4	5	1357	4	1.009071981	0.680669234
462	47	4	4	905	15	0.409687641	0.709230933
463	26	6	3	561	11	0.414940828	0.44735328
464	23	6	7	282	1	0.621928166	0.574161179
465	30	2	4	1006	7	2.235555556	0.8
466	34	5	3	1375	2	0.71366782	0.573455958
467	30	5	4	638	4	0.567111111	0.679255711
468	22	2	7	51	9	0.368801653	0.903903904
469	46	5	6	1048	15	0.594328922	0.739869496
470	38	6	6	72	11	0.049861496	0.146550805
471	20	6	3	747	1	0.93375	0.626889419
472	30	4	3	838	3	0.698333333	0.709528924
473	12	6	10	611	6	7.071759259	-0.5
474	11	4	3	892	8	5.52892562	0
475	15	2	5	1412	9	15.68888889	0
476	18	2	7	1079	8	11.6558642	0
477	16	2	3	1414	13	8.28515625	0
478	10	5	7	981	0	13.734	-0.6
479	40	2	8	935	5	2.3375	0.818584071
480	27	3	9	569	12	2.341563786	-0.727272727
481	50	3	2	1486	2	0.396266667	0.538122595
482	38	3	7	135	9	0.218144044	0.532403224
483	31	4	4	609	11	0.63371488	0.716563619
484	49	3	9	888	14	1.109537693	0.592592593
485	39	3	9	788	9	1.554240631	0.691358025
486	16	4	10	341	3	3.330078125	-0.692307692
487	39	2	5	1140	12	1.873767258	0.594059406
488	34	6	9	177	6	0.22967128	0.411603185
489	9	3	10	919	5	37.81893004	0.5
490	15	5	2	1015	8	1.804444444	-0.222222222
491	16	4	9	299	10	2.627929688	-0.714285714
492	39	3	4	1024	12	0.897655052	0.71691854
493	42	5	5	921	6	0.522108844	0.595047249
494	43	6	4	1461	7	0.526771228	0.551710056
495	46	3	4	1143	4	0.720226843	0.703927492
496	9	2	5	107	0	3.302469136	-0.5
497	34	5	9	681	10	1.060380623	0.402119701
498	16	6	4	786	14	2.046875	-0.576923077
499	46	2	7	759	5	1.255434783	0.780082988
500	49	4	5	1147	3	0.597147022	0.64583805
501	15	5	3	874	5	2.330666667	-0.592592593
502	27	3	6	901	10	2.471879287	-0.611111111
503	32	6	8	1065	14	1.38671875	-0.13410596
504	29	3	8	912	0	2.891795482	0.566176471
505	21	3	9	652	4	4.43537415	-0.75
506	23	5	5	779	2	1.472589792	0.344294004
507	18	5	8	1060	11	5.234567901	-0.818181818
508	48	2	3	377	5	0.245442708	0.37511647
509	12	5	10	843	15	11.70833333	-0.75
510	8	5	10	1311	2	40.96875	-0.333333333
511	25	4	4	937	12	1.4992	-0.32967033
512	33	5	7	902	1	1.15959596	0.451919493
513	23	3	5	1260	12	3.969754253	-0.75
514	24	6	9	192	0	0.5	0.343457944
515	22	6	7	1450	13	3.495179063	-0.87628866
516	40	3	6	1498	11	1.8725	0.526315789
517	40	3	9	1217	0	2.281875	0.620032441
518	45	4	8	194	2	0.191604938	0.285119569
519	50	4	5	801	9	0.4005	0.696671993
520	12	5	9	809	8	10.1125	-0.6
521	15	4	2	1153	4	2.562222222	-0.692307692
522	13	3	8	414	3	6.532544379	0
523	44	2	7	166	2	0.300103306	0.554861461
524	16	6	9	245	4	1.435546875	-0.246153846
525	32	5	9	812	6	1.42734375	0.260572988
526	23	2	2	187	5	0.353497164	0.378676471
527	49	6	8	1174	8	0.651950576	0.545946439
528	42	6	8	711	13	0.537414966	0.552710152
529	11	2	5	635	10	13.11983471	0
530	42	2	2	395	3	0.223922902	0.333445293
531	50	2	2	638	3	0.2552	0.628059851
532	44	2	7	1302	9	2.353822314	0.5
533	12	5	9	165	9	2.0625	-0.285714286
534	50	6	2	930	3	0.124	0.183433975
535	13	3	2	1441	9	5.684418146	-0.333333333
536	20	2	2	324	1	0.81	0.618823529
537	30	5	5	963	8	1.07	0.450499546
538	33	3	8	585	1	1.432506887	0.718323587
539	40	2	9	95	2	0.2671875	0.318735544
540	44	4	2	573	4	0.147985537	0.251791391
541	44	4	4	559	0	0.288739669	0.344252788
542	29	6	7	257	0	0.356520016	0.404351152
543	30	5	5	343	7	0.381111111	0.444871487
544	12	4	9	273	14	4.265625	-0.333333333
545	43	2	2	1209	7	0.653866955	0.830410887
546	49	3	4	308	10	0.171039845	0.368144691
547	39	2	6	771	12	1.520710059	0.5
548	8	2	7	1398	5	76.453125	0
549	21	3	9	1087	15	7.394557823	-0.6
550	18	4	10	743	3	5.733024691	-0.833333333
551	22	4	4	244	9	0.504132231	0.636942675
552	30	4	10	463	6	1.286111111	0.588732394
553	19	6	6	1069	3	2.961218837	-0.538461538
554	25	3	9	1475	5	7.08	0
555	24	4	7	647	4	1.965711806	0.131578947
556	48	2	10	1123	11	2.437065972	0.061538462
557	37	4	2	560	0	0.204528853	0.29943427
558	20	5	2	1468	6	1.468	-0.029850746
559	37	5	6	294	14	0.257706355	0.487393091
560	12	2	4	343	0	4.763888889	-0.6
561	50	3	2	408	4	0.1088	0.265145959
562	23	2	2	915	9	1.729678639	0.384615385
563	32	2	3	195	10	0.285644531	0.538831065
564	12	2	10	165	0	5.729166667	-0.5
565	24	5	7	789	7	1.917708333	0.089552239
566	11	2	3	954	1	11.82644628	0
567	43	6	6	700	13	0.378583018	0.573942967
568	42	5	10	324	6	0.367346939	0.517434375
569	34	4	10	956	14	2.067474048	-0.472222222
570	20	3	6	1181	5	5.905	-0.666666667
571	21	5	10	143	14	0.648526077	0.77173913
572	41	6	7	845	11	0.586456474	0.614823634
573	11	2	7	446	10	12.90082645	0.5
574	40	2	5	606	4	0.946875	0.785557987
575	26	5	10	759	12	2.24556213	-0.879310345
576	22	2	10	126	5	1.301652893	0.876923077
577	24	4	9	207	12	0.80859375	0.462053571
578	33	5	10	106	15	0.194674013	0.494758827
579	20	4	9	529	10	2.975625	-0.846153846
580	13	6	7	594	12	4.100591716	-0.2
581	47	3	7	1378	15	1.455560585	0.683476395
582	33	4	10	257	13	0.589990817	0.66980885
583	44	6	4	1196	4	0.41184573	0.399914345
584	45	5	9	912	0	0.810666667	0.554767146
585	34	6	7	562	5	0.567185698	0.60996269
586	39	6	10	747	4	0.818540434	0.551679808
587	46	4	8	591	8	0.558601134	0.629522431
588	33	4	10	320	11	0.734618916	0.469154379
589	43	2	9	1318	6	3.207679827	-0.529411765
590	40	5	3	1128	7	0.423	0.53810946
591	48	5	6	641	15	0.333854167	0.451993015
592	29	2	2	654	12	0.77764566	0.875
593	25	6	10	916	10	2.442666667	-0.583333333
594	16	5	3	573	8	1.34296875	-0.413793103
595	45	3	9	266	12	0.394074074	0.625641638
596	14	5	5	179	10	0.913265306	-0.130434783
597	21	6	8	1393	11	4.211640212	-0.935064935
598	19	6	5	145	14	0.334718375	0.298196949
599	43	4	4	1211	4	0.654948621	0.666362433
600	12	3	3	1491	5	10.35416667	-0.5
601	10	4	6	1104	10	16.56	0
602	10	3	6	1379	10	27.58	0.5
603	8	6	5	74	11	0.963541667	0
604	25	2	2	288	13	0.4608	0.516423358
605	40	4	10	92	4	0.14375	0.296708992
606	13	3	10	124	8	2.445759369	-0.333333333
607	9	5	3	850	14	6.296296296	-0.666666667
608	49	4	9	316	12	0.296126614	0.565834321
609	45	4	6	1219	9	0.902962963	0.6186723
610	39	6	2	722	8	0.158229235	0.274588672
611	8	2	7	779	14	42.6015625	0
612	26	2	5	1039	5	3.842455621	-0.5
613	14	2	3	198	0	1.515306122	0.529411765
614	10	3	5	383	4	6.383333333	-0.5
615	48	4	4	1154	2	0.500868056	0.551806265
616	27	4	10	211	10	0.723593964	0.655823715
617	47	4	7	328	7	0.259846084	0.424367892
618	41	2	5	1435	1	2.134146341	0.657957245
619	32	5	10	724	2	1.4140625	0.559748428
620	10	6	6	191	1	1.91	0.074074074
621	34	6	3	69	2	0.029844291	0.048893973
622	39	4	3	1460	15	0.719921105	0.5288899
623	24	6	9	1230	5	3.203125	-0.689655172
624	22	4	7	1401	0	5.065599174	-0.484210526
625	36	6	10	740	1	0.951646091	0.561032653
626	44	4	7	1022	7	0.923811983	0.647584666
627	47	5	5	1383	7	0.626075147	0.634278594
628	13	4	9	586	12	7.801775148	0
629	37	6	2	1366	5	0.332602873	0.483147747
630	48	6	5	1053	6	0.380859375	0.463224873
631	25	2	4	247	13	0.7904	0.836065574
632	30	4	6	453	9	0.755	0.639762611
633	14	6	8	997	5	6.782312925	-0.5
634	29	5	6	865	1	1.234244946	0.517604574
635	45	4	9	356	2	0.395555556	0.535319259
636	8	2	10	1446	13	112.96875	0
637	37	5	9	533	1	0.700803506	0.483959419
638	9	5	2	466	7	2.301234568	-0.25
639	38	5	9	711	8	0.886288089	0.684143687
640	10	5	8	455	8	7.28	-0.75
641	47	3	6	648	5	0.58669081	0.735066651
642	48	2	6	1370	0	1.783854167	0.731120332
643	45	6	9	877	12	0.64962963	0.466666667
644	25	2	2	158	2	0.2528	0.55
645	25	5	8	479	12	1.22624	-0.080717489
646	34	5	5	1202	1	1.039792388	0.627894395
647	33	3	9	1147	5	3.159779614	-0.592592593
648	18	3	5	1053	13	5.416666667	-0.5
649	34	3	9	985	12	2.556228374	-0.170454545
650	43	4	7	221	13	0.209167117	0.409332414
651	9	3	8	101	10	3.325102881	-0.5
652	18	3	8	90	14	0.740740741	0.767123288
653	39	5	4	1417	9	0.745299145	0.604349736
654	43	5	9	271	6	0.26381828	0.386293032
655	48	5	7	1088	3	0.661111111	0.656554543
656	38	3	9	817	2	1.697368421	0.64953271
657	35	4	3	1268	11	0.776326531	0.586655818
658	42	5	10	1306	0	1.480725624	0.51828479
659	17	2	9	846	8	13.17301038	0
660	37	2	4	985	9	1.439006574	0.52195122
661	10	2	9	967	11	43.515	0
662	9	5	6	1488	5	22.04444444	0
663	47	2	6	959	6	1.302399276	0.929551122
664	14	2	10	90	10	2.295918367	0
665	12	2	7	1198	8	29.11805556	0
666	9	4	3	927	2	8.583333333	0
667	22	6	8	885	6	2.438016529	-0.604395604
668	23	2	9	1151	6	9.791115312	-0.5
669	29	3	7	343	6	0.951644867	0.590909091
670	44	3	2	345	8	0.118801653	0.222635637
671	33	6	8	402	2	0.492194674	0.494028546
672	46	6	6	379	12	0.179111531	0.391423367
673	19	5	2	621	14	0.688088643	0.381443299
674	26	5	2	164	7	0.09704142	0.23820103
675	40	6	5	1098	7	0.571875	0.613833589
676	8	3	3	1417	7	22.140625	-0.5
677	42	3	9	1453	6	2.471088435	0.29040404
678	49	3	9	720	5	0.899625156	0.687688822
679	15	2	9	750	13	15	0.5
680	28	6	4	962	14	0.818027211	-0.115884116
681	39	5	6	1064	6	0.839447732	0.623218112
682	50	5	10	831	3	0.6648	0.580336971
683	24	5	5	1106	4	1.920138889	0.417112299
684	15	6	4	1105	7	3.274074074	-0.733333333
685	40	4	4	1207	7	0.754375	0.6302254
686	18	5	3	1466	2	2.714814815	0.117647059
687	14	5	3	1415	15	4.331632653	-0.6
688	18	4	3	839	11	1.94212963	-0.666666667
689	38	3	9	654	4	1.358725762	0.742896425
690	13	5	4	961	11	4.549112426	-0.818181818
691	27	2	3	595	9	1.224279835	0.5
692	25	5	10	1454	7	4.6528	-0.70212766
693	8	4	5	374	8	7.3046875	0
694	25	3	10	572	2	3.050666667	-0.162790698
695	46	4	8	342	4	0.323251418	0.4652012
696	17	2	10	609	10	10.53633218	0
697	49	3	9	1176	7	1.469387755	0.712418301
698	47	3	8	444	2	0.535989135	0.667773113
699	29	3	9	334	4	1.191438763	0.69846678
700	43	4	4	530	8	0.286641428	0.550514142
701	37	5	4	621	8	0.362892622	0.468507589
702	32	2	2	739	10	0.721679688	0.695585997
703	24	3	4	384	8	0.888888889	0.807017544
704	43	4	10	734	10	0.99242834	0.555576488
705	11	4	7	61	12	0.882231405	0.230769231
706	29	5	5	300	6	0.356718193	0.535382831
707	20	2	3	490	6	1.8375	-0.75
708	38	6	6	958	15	0.663434903	0.567825112
709	27	6	5	305	7	0.34865112	0.426579598
710	35	3	3	84	12	0.068571429	0.084523525
711	42	6	6	148	8	0.083900227	0.162034314
712	43	2	2	363	15	0.196322336	0.660477454
713	23	5	6	463	13	1.050283554	0.289285714
714	45	4	2	458	4	0.11308642	0.176264656
715	13	6	7	755	13	5.212031558	-0.75
716	50	6	2	1265	1	0.168666667	0.231620264
717	10	5	10	1285	1	25.7	-0.666666667
718	25	6	2	717	2	0.3824	0.479026693
719	49	5	2	985	15	0.164098292	0.27566667
720	30	4	8	594	2	1.32	0.641878669
721	34	3	9	342	3	0.887543253	0.770325203
722	31	4	9	61	9	0.142819979	0.216809577
723	33	4	7	994	14	1.597337006	-0.171779141
724	47	2	9	510	4	1.038931643	0.832734401
725	33	6	4	266	10	0.162840526	0.345587404
726	41	2	4	600	2	0.713860797	0.822153846
727	32	5	4	422	0	0.3296875	0.338616538
728	42	2	6	114	2	0.193877551	0.299859143
729	19	2	9	1310	15	16.32963989	0
730	47	3	4	793	2	0.478647955	0.629008264
731	45	4	10	1383	12	1.707407407	0.258401792
732	10	4	6	1380	4	20.7	-0.333333333
733	26	6	6	113	0	0.167159763	0.180363998
734	21	4	4	415	5	0.941043084	0.549107143
735	8	6	9	397	7	9.3046875	-0.666666667
736	19	2	8	1490	15	16.50969529	0
737	16	6	7	1365	15	6.220703125	-0.833333333
738	28	3	10	1127	1	4.791666667	0.62254902
739	22	6	3	243	11	0.251033058	0.335435057
740	18	2	9	939	6	13.04166667	0
741	14	2	7	470	4	8.392857143	0
742	10	3	8	803	10	21.41333333	0
743	31	6	6	212	5	0.220603538	0.335830785
744	44	2	9	740	12	1.720041322	0.3875
745	31	3	5	87	11	0.150884495	0.3279071
746	49	4	4	1346	4	0.56059975	0.58363599
747	36	2	10	947	7	3.653549383	-0.846153846
748	11	4	3	853	7	5.287190083	-0.333333333
749	46	6	4	1331	11	0.419344675	0.54233464
750	26	3	8	1471	7	5.802761341	-0.785714286
751	47	4	6	132	13	0.089633318	0.205174155
752	18	5	2	1480	5	1.827160494	-0.525
753	35	6	9	1194	9	1.462040816	-0.100436681
754	30	6	4	727	1	0.538518519	0.425107658
755	18	6	9	1190	15	5.509259259	-0.913043478
756	25	6	9	1215	0	2.916	0.156903766
757	41	4	2	1183	7	0.351873885	0.571372832
758	47	2	9	1089	7	2.218424627	0.375609756
759	26	5	5	1482	14	2.192307692	-0.832116788
760	31	4	3	1482	13	1.1566077	0.461538462
761	37	6	7	869	9	0.740564889	0.473449284
762	39	6	8	1444	11	1.265833881	0.212458746
763	47	5	6	814	0	0.442191037	0.467677181
764	37	3	2	297	15	0.144631118	0.222736286
765	15	2	4	614	7	5.457777778	0
766	20	5	6	573	5	1.719	0.338028169
767	29	5	4	826	12	0.785731272	0.381974249
768	25	2	4	395	14	1.264	-0.375
769	33	4	2	846	8	0.388429752	0.692176871
770	14	5	5	1466	12	7.479591837	-0.6
771	31	2	10	1208	5	6.285119667	0
772	41	3	4	883	11	0.70037676	0.742233268
773	15	5	2	546	4	0.970666667	0.122641509
774	45	3	4	1305	0	0.859259259	0.729655609
775	48	3	8	679	3	0.78587963	0.660867209
776	26	2	10	465	7	3.439349112	-0.375
777	41	3	10	1340	4	2.657148523	0.58677686
778	41	5	6	496	10	0.354074955	0.547805549
779	13	6	9	873	14	7.74852071	-0.714285714
780	24	6	3	285	12	0.247395833	0.379445934
781	40	4	5	1236	14	0.965625	0.516345018
782	35	2	10	861	3	3.514285714	0.369230769
783	50	6	2	541	10	0.072133333	0.095409775
784	22	4	7	1208	4	4.367768595	-0.806451613
785	37	2	3	992	11	1.086924763	0.365168539
786	39	4	10	239	0	0.392833662	0.426944634
787	41	6	9	782	14	0.697798929	0.523775129
788	24	3	9	1309	10	6.817708333	-0.833333333
789	17	2	8	1471	4	20.35986159	0
790	21	5	10	489	13	2.217687075	-0.885714286
791	47	4	9	894	13	0.910593029	0.632201915
792	8	5	9	900	11	25.3125	0
793	37	3	10	276	3	0.672023375	0.73129515
794	43	3	8	646	13	0.931674779	0.786492375
795	37	6	5	1241	9	0.75541758	0.500772002
796	8	2	5	966	2	37.734375	0
797	35	4	6	1473	5	1.803673469	0.362903226
798	42	4	7	887	10	0.879960317	0.533818939
799	15	5	2	772	9	1.372444444	-0.3
800	50	5	8	707	11	0.45248	0.560286876
801	12	5	5	1168	2	8.111111111	-0.5
802	26	2	3	369	15	0.818786982	0.753424658
803	37	5	7	205	2	0.209642075	0.292115806
804	10	4	4	910	12	9.1	0
805	15	2	5	1049	3	11.65555556	0.5
806	40	2	10	972	12	3.0375	-0.888888889
807	37	5	3	1379	15	0.604382761	0.708017621
808	36	5	5	832	13	0.641975309	0.600283918
809	23	3	5	821	12	2.586641462	-0.863636364
810	45	6	6	642	15	0.317037037	0.508279832
811	38	6	8	614	9	0.566943675	0.536682481
812	14	5	5	1467	11	7.484693878	-0.5
813	9	4	4	546	2	6.740740741	0
814	22	4	4	623	10	1.287190083	-0.086538462
815	47	3	2	62	14	0.018711332	0.034303978
816	30	4	10	1133	7	3.147222222	-0.817073171
817	11	4	3	1251	12	7.754132231	0
818	42	3	5	1368	7	1.292517007	0.81593815
819	49	3	8	327	1	0.363182007	0.411362598
820	43	4	10	52	5	0.070308275	0.117936447
821	43	3	3	514	1	0.277988102	0.351914303
822	44	3	2	253	7	0.087121212	0.139198082
823	31	4	3	950	0	0.741415193	0.598834951
824	45	2	7	181	3	0.312839506	0.626146568
825	33	4	9	402	2	0.830578512	0.752224504
826	49	6	6	1047	8	0.436068305	0.517211514
827	19	4	10	1058	2	7.326869806	-0.846153846
828	17	6	6	897	5	3.103806228	-0.64516129
829	39	6	6	944	11	0.620644313	0.493297003
830	48	6	3	1151	11	0.249782986	0.40765037
831	8	4	6	387	2	9.0703125	0
832	41	3	10	1257	1	2.49256395	0.646159447
833	8	6	6	915	11	14.296875	-0.333333333
834	33	5	10	1317	12	2.418732782	-0.736641221
835	34	5	8	913	13	1.26366782	0.176017602
836	32	3	4	1294	4	1.684895833	0.659793814
837	37	2	9	876	14	2.879474069	-0.888888889
838	11	2	3	394	1	4.884297521	0.6
839	9	2	10	745	7	45.98765432	0.5
840	19	6	3	858	0	1.188365651	0.351010101
841	22	3	3	268	7	0.553719008	0.750826902
842	8	4	4	941	10	14.703125	0
843	40	3	7	120	14	0.175	0.436666667
844	48	2	8	50	13	0.086805556	0.411453676
845	15	2	9	972	7	19.44	0
846	31	5	10	1479	0	3.078043704	0.177095632
847	22	6	6	1304	10	2.694214876	-0.582278481
848	43	2	2	318	2	0.171984857	0.294309828
849	28	3	3	1095	3	1.396683673	0.761041903
850	20	4	5	1197	9	3.740625	-0.846153846
851	14	3	10	89	0	1.513605442	0.719298246
852	30	2	2	466	15	0.517777778	0.849056604
853	49	4	5	640	13	0.333194502	0.611378906
854	47	2	4	247	7	0.223630602	0.560322468
855	39	5	7	1205	15	1.109138725	0.008306709
856	37	5	7	1251	0	1.279327977	0.609134672
857	18	2	9	676	8	9.388888889	0
858	43	6	7	372	3	0.234721471	0.36319633
859	48	4	5	409	5	0.221896701	0.387909939
860	21	4	9	1471	5	7.505102041	-0.913043478
861	37	4	4	1455	12	1.062819576	0.670123137
862	18	5	4	74	0	0.182716049	0.245237574
863	47	5	2	1448	8	0.262200091	0.425936816
864	8	4	2	59	9	0.4609375	0.638888889
865	42	2	2	987	13	0.55952381	0.811901306
866	16	3	10	327	3	4.2578125	0
867	21	2	10	208	7	2.358276644	0.5
868	10	4	5	1346	13	16.825	-0.5
869	44	4	2	54	3	0.013946281	0.028642229
870	14	2	7	225	1	4.017857143	0
871	34	6	3	613	11	0.265138408	0.529146484
872	42	6	7	1219	12	0.806216931	0.508562046
873	22	3	2	893	11	1.230027548	0.451612903
874	36	5	7	611	15	0.660030864	0.511371798
875	21	5	8	534	15	1.937414966	-0.826666667
876	32	4	7	99	5	0.169189453	0.311703404
877	17	5	9	1455	4	9.062283737	-0.727272727
878	35	6	3	511	4	0.208571429	0.32681262
879	48	6	4	297	3	0.0859375	0.157624063
880	50	3	5	595	14	0.396666667	0.668030727
881	14	2	4	1240	9	12.65306122	0
882	28	4	4	1274	9	1.625	-0.358823529
883	20	4	9	1270	5	7.14375	-0.857142857
884	27	4	7	899	2	2.158093278	0.446254072
885	12	3	6	966	14	13.41666667	0
886	8	3	5	1488	5	38.75	0.5
887	18	6	7	218	2	0.784979424	0.092307692
888	36	3	9	845	5	1.956018519	0.746391753
889	37	6	4	720	11	0.350620891	0.610181034
890	40	5	5	610	8	0.38125	0.475096974
891	46	4	2	393	14	0.092863894	0.169752501
892	45	5	4	512	0	0.202271605	0.297277148
893	8	4	4	670	1	10.46875	0
894	37	6	2	901	15	0.219381544	0.482668945
895	25	4	7	1054	3	2.9512	-0.140350877
896	10	2	8	184	5	7.36	0
897	24	3	5	439	3	1.27025463	0.562862669
898	24	4	8	1104	8	3.833333333	-0.8125
899	8	2	3	1254	4	29.390625	0
900	12	5	7	1392	2	13.53333333	-0.8
901	35	6	7	471	9	0.448571429	0.515572631
902	20	6	9	245	9	0.91875	-0.05982906
903	30	3	6	785	9	1.744444444	-0.13559322
904	19	4	5	164	2	0.567867036	0.494824017
905	38	2	6	637	5	1.323407202	0.866272189
906	13	5	7	1437	2	11.90414201	-0.6
907	46	6	5	1009	13	0.39736925	0.516810464
908	38	2	4	909	10	1.25900277	0.516981132
909	30	4	8	543	1	1.206666667	0.664569083
910	16	3	10	140	13	1.822916667	0
911	27	6	10	432	9	0.987654321	0.466542751
912	34	4	6	748	1	0.970588235	0.682352941
913	17	2	6	827	8	8.584775087	-0.5
914	14	3	2	1456	13	4.952380952	0
915	39	2	8	1070	1	2.813938199	0.57106599
916	41	5	10	809	5	0.962522308	0.671434094
917	12	2	4	1026	11	14.25	0
918	31	5	8	437	6	0.727575442	0.636387298
919	12	2	3	183	10	1.90625	0
920	16	4	10	120	10	1.171875	-0.580645161
921	35	6	10	553	12	0.752380952	0.486075297
922	43	6	2	85	1	0.015323598	0.014364286
923	48	5	9	113	11	0.08828125	0.157947566
924	15	4	3	268	11	0.893333333	-0.580645161
925	40	6	7	1125	11	0.8203125	0.486957539
926	27	3	5	858	6	1.961591221	-0.026666667
927	50	4	4	1147	12	0.4588	0.673837684
928	40	2	4	1071	5	1.33875	0.766627771
929	35	2	3	525	13	0.642857143	0.894054054
930	45	4	7	771	8	0.666296296	0.635827593
931	29	3	8	168	2	0.532699168	0.56797235
932	35	2	5	1399	12	2.855102041	-0.9
933	30	6	3	1081	13	0.600555556	0.556607495
934	31	6	6	939	0	0.97710718	0.566488957
935	24	5	7	1004	1	2.440277778	0.316037736
936	44	4	10	498	3	0.643078512	0.603447626
937	38	2	3	766	6	0.795706371	0.895850285
938	9	2	9	628	11	34.88888889	0
939	38	2	4	489	14	0.677285319	0.880540541
940	26	5	5	1101	15	1.628698225	-0.610687023
941	25	6	3	687	7	0.5496	0.523592085
942	50	6	3	1144	6	0.2288	0.370179108
943	36	6	7	229	1	0.206147119	0.256972675
944	23	4	5	1417	5	3.348298677	-0.615384615
945	37	5	7	88	13	0.089992695	0.194578241
946	22	6	2	556	2	0.38292011	0.320171904
947	50	4	9	1476	13	1.3284	0.503325544
948	39	4	7	374	14	0.430309007	0.61218592
949	32	2	4	191	8	0.373046875	0.647527242
950	14	4	2	87	11	0.221938776	0.424511545
951	16	2	5	1307	11	12.76367188	0
952	36	3	6	168	14	0.259259259	0.517619842
953	36	4	3	104	6	0.060185185	0.127076262
954	23	3	8	621	4	3.130434783	-0.470588235
955	47	4	8	1153	9	1.043911272	0.710928544
956	26	5	2	113	10	0.066863905	0.124831099
957	50	2	5	123	15	0.123	0.295479647
958	42	2	2	430	11	0.243764172	0.775035868
959	15	4	4	933	12	4.146666667	-0.714285714
960	23	3	7	468	5	2.064272212	-0.454545455
961	12	4	5	1226	3	10.64236111	-0.333333333
962	26	5	9	1254	6	3.339053254	-0.808
963	22	2	2	565	6	1.167355372	0.529411765
964	27	6	3	816	8	0.559670782	0.546131568
965	30	2	6	632	8	2.106666667	-0.230769231
966	25	2	10	312	1	2.496	0.790849673
967	38	2	2	1333	15	0.923130194	0.512931034
968	26	3	8	1275	6	5.029585799	-0.75
969	18	3	7	876	3	6.308641975	0.4
970	9	6	7	187	13	2.693415638	-0.25
971	22	3	2	1387	15	1.91046832	-0.333333333
972	32	4	4	1264	0	1.234375	0.627582137
973	18	2	9	550	7	7.638888889	0
974	9	3	5	280	2	5.761316872	0.5
975	39	3	6	181	6	0.238001315	0.332990629
976	42	6	7	142	4	0.093915344	0.13107964
977	50	4	5	1324	10	0.662	0.713607058
978	48	6	8	110	9	0.063657407	0.115541931
979	8	3	3	1336	6	20.875	-0.5
980	24	4	9	895	4	3.49609375	-0.37804878
981	46	5	3	628	15	0.178071834	0.36199592
982	19	3	5	289	1	1.334256694	0.851758794
983	45	5	4	535	7	0.211358025	0.319635501
984	42	3	8	121	4	0.182917611	0.306968336
985	36	4	3	1066	11	0.616898148	0.648333582
986	26	4	3	1428	14	1.584319527	0.039473684
987	17	2	2	177	6	0.612456747	0.751724138
988	22	6	9	176	0	0.545454545	0.49838757
989	32	2	9	987	12	4.337402344	0
990	38	3	3	175	8	0.121191136	0.328511167
991	21	4	3	1382	1	2.350340136	0.411320755
992	39	2	7	1285	14	2.956936226	0.235294118
993	32	2	3	508	3	0.744140625	0.719912473
994	34	6	5	904	8	0.651672434	0.365331763
995	48	6	3	685	0	0.148654514	0.091715589
996	25	4	9	1012	1	3.6432	0.296296296
997	34	2	9	335	1	1.304065744	0.775613887
998	11	6	10	158	13	2.17630854	0
999	21	3	2	103	0	0.155706727	0.126605033
1000	19	3	9	629	7	5.227146814	-0.8
