505
95 296
7 8
6 243
1 7
215 518
1 10
51 221
15 23
20 75
40 224
1 17
13 31
121 493
120 377
42 301
28 53
18 30
103 427
2 23
6 7
33 41
33 233
9 19
4 7
189 405
2 7
51 242
2 26
147 253
16 26
14 75
1 72
318 347
85 87
5 23
23 38
3 17
4 11
3 39
255 429
17 358
116 208
152 165
1 33
11 30
12 108
11 32
39 151
6 25
179 190
2 60
148 425
358 399
6 27
41 57
23 43
9 10
24 270
21 90
10 31
146 315
12 17
9 46
3 22
13 142
42 65
90 407
1 73
31 36
102 386
31 40
485 491
7 274
5 93
19 20
125 434
19 21
38 59
29 46
43 195
34 46
41 49
276 469
1 37
59 69
60 272
20 149
9 48
24 46
3 45
340 414
141 362
35 53
3 64
328 477
38 62
23 184
5 65
249 286
77 116
22 44
4 77
367 513
33 52
30 391
23 35
38 63
53 74
37 222
1 67
230 345
5 80
26 47
211 453
16 88
47 81
4 105
13 50
22 189
10 76
8 55
16 157
8 61
81 458
37 51
15 56
233 417
15 84
115 244
80 86
80 89
54 60
274 439
84 92
7 66
474 479
25 85
120 449
58 66
85 91
20 268
58 96
27 68
71 96
210 220
71 78
217 447
72 194
17 180
41 95
49 99
36 103
486 496
52 496
324 330
93 101
1 262
108 146
77 113
48 201
76 159
19 79
83 433
75 98
193 322
14 100
180 379
24 127
2 97
42 82
111 398
15 109
15 112
97 252
56 107
85 94
16 160
113 121
67 102
189 404
49 114
26 70
60 412
16 119
9 212
11 115
26 196
113 120
476 481
32 104
32 106
106 294
24 140
6 117
25 111
18 125
56 110
163 178
14 122
118 122
9 205
17 83
420 502
233 448
12 137
97 265
83 129
308 309
80 143
36 285
54 123
139 383
24 131
50 156
97 124
124 130
19 134
39 141
89 291
44 148
373 378
66 193
10 132
176 202
31 133
240 250
76 135
4 372
123 255
13 126
135 147
291 478
135 150
21 368
139 150
18 136
44 314
125 144
199 325
88 165
88 166
318 349
119 128
145 165
135 394
55 364
30 153
5 234
30 155
153 154
9 162
105 138
76 158
76 164
313 348
158 167
79 369
10 199
159 163
376 386
167 168
7 161
60 169
320 347
65 170
65 172
22 174
265 267
52 200
4 171
25 176
25 177
37 173
82 288
208 214
51 186
173 182
206 243
173 185
52 175
186 187
419 426
132 188
79 190
148 183
55 207
162 192
127 319
207 281
127 198
7 181
67 191
171 308
102 211
87 217
137 197
174 204
204 228
204 231
143 464
298 303
55 209
182 295
61 218
213 218
199 277
218 219
86 203
33 235
447 461
40 385
117 210
2 249
47 230
51 238
221 223
80 487
64 437
221 239
126 497
8 232
70 361
5 248
214 240
32 246
90 215
234 495
175 264
99 227
9 498
18 360
355 384
304 311
227 241
13 236
236 251
354 365
309 334
20 245
149 256
68 258
29 216
1 263
73 229
97 266
136 269
126 257
156 225
67 327
156 247
115 226
115 237
188 278
132 271
253 275
106 279
254 279
259 279
207 284
259 273
154 283
155 260
203 494
12 409
155 261
105 276
24 280
131 289
12 287
285 293
269 323
203 328
288 297
26 337
95 300
295 313
379 441
81 298
108 304
182 305
86 282
65 299
170 302
172 317
45 292
136 326
104 332
286 310
92 290
10 306
399 403
312 325
127 321
134 307
245 331
301 346
48 316
169 340
93 347
327 424
138 381
101 351
129 324
348 353
167 457
55 357
55 366
235 329
260 418
180 388
128 356
336 361
198 438
196 341
146 370
77 422
11 363
344 363
114 333
161 354
201 380
57 476
201 387
50 384
83 374
485 489
161 408
339 374
358 402
27 335
335 343
192 338
377 466
192 382
342 380
119 350
138 390
224 359
224 373
120 452
35 371
392 394
232 375
161 406
181 395
340 367
19 352
54 410
103 420
4 468
379 440
368 389
389 393
77 423
57 484
41 421
417 463
27 396
17 397
397 400
82 413
372 401
109 430
6 428
107 415
107 426
107 432
419 431
2 442
434 451
197 416
183 436
362 411
56 435
435 445
3 443
315 456
448 465
379 455
441 459
370 446
146 444
370 450
370 454
81 460
458 467
105 480
103 472
427 470
111 473
398 471
11 475
166 482
34 474
126 512
72 485
89 488
37 462
222 483
316 499
212 509
225 504
367 511
121 501
257 490
1 7 10 2 23 17 5 4 11 26 30 6 25 3 16 15 32 8 27 18
1 7 10 17 2 9 31 19 46 29 33 20 13 21 34 3 36 12 40 22
1 7 10 17 9 3 19 31 46 33 2 24 41 48 13 29 34 36 4 37
1 7 10 17 2 3 9 22 23 33 41 44 19 46 48 39 4 45 64 52
1 7 2 23 5 15 10 35 38 43 59 62 53 28 65 17 33 74 69 63
1 7 10 17 2 33 37 4 3 67 72 73 6 9 22 11 77 31 23 8
1 7 10 9 17 33 41 2 23 49 3 4 26 6 37 57 16 60 22 5
1 7 10 9 2 19 31 20 23 4 46 17 6 5 33 24 11 75 21 14
1 7 10 9 2 23 5 26 65 16 31 17 60 42 80 19 47 15 88 81
1 7 10 9 2 31 17 19 20 46 21 90 3 13 48 50 75 23 33 12
1 7 2 4 10 6 23 9 8 31 5 11 17 26 15 35 13 76 55 61
1 7 2 10 4 9 17 33 6 19 46 31 24 23 5 76 41 37 51 26
1 7 2 10 9 23 17 19 4 26 16 5 6 20 65 46 42 60 21 11
1 7 2 10 23 17 5 26 65 15 42 80 56 86 60 54 4 89 84 92
1 7 2 4 11 6 8 25 66 85 87 91 58 23 27 77 96 68 71 78
1 7 10 9 2 17 4 33 41 6 19 8 49 57 95 20 99 23 66 11
1 7 10 2 17 4 9 23 31 26 13 36 60 54 5 76 19 103 20 46
1 7 2 23 5 26 10 65 4 11 80 9 93 77 31 86 101 76 16 113
1 7 10 9 19 17 33 2 41 3 20 21 79 22 44 75 14 98 100 90
1 7 2 4 23 11 26 10 5 6 8 65 15 77 60 113 66 105 56 30
1 7 2 10 23 5 65 4 80 11 77 26 42 60 113 9 17 86 82 97
1 7 10 2 4 23 5 6 17 26 60 8 9 65 54 11 42 30 18 97
1 7 2 23 5 10 17 33 15 4 41 56 84 9 19 109 112 92 107 65
1 7 10 9 2 4 6 11 19 46 17 77 113 20 48 105 21 90 23 25
1 7 2 4 6 25 27 23 11 8 85 5 87 77 26 55 91 113 68 94
1 7 10 17 2 9 33 3 22 37 19 67 51 20 39 4 102 23 31 45
1 7 10 9 2 19 23 46 17 4 33 6 37 31 24 41 49 99 52 114
1 7 2 4 10 17 33 3 6 9 31 11 8 77 66 22 19 20 12 41
1 7 2 23 26 16 47 4 88 70 60 119 5 10 15 9 97 31 11 76
1 7 10 17 3 2 33 41 9 49 19 20 4 11 30 57 77 37 46 95
1 7 2 4 11 77 30 23 5 18 113 32 120 105 115 104 6 106 65 42
1 7 10 2 4 6 25 11 77 17 113 27 9 120 33 121 85 105 116 31
1 7 10 17 2 23 9 3 33 26 16 5 47 41 60 88 52 81 15 119
1 7 2 23 4 26 6 8 11 16 60 25 30 32 47 27 117 66 77 68
1 7 10 17 3 9 33 31 37 22 41 13 2 23 67 4 11 77 19 26
1 7 2 23 26 60 10 16 5 65 80 15 56 97 4 6 35 42 107 86
1 7 2 4 6 25 23 85 5 15 111 56 11 10 9 84 77 30 18 125
1 7 10 2 23 5 26 15 65 56 17 3 16 107 35 22 53 42 44 110
1 7 2 4 6 11 23 25 30 8 5 26 55 16 77 60 18 105 32 97
1 7 10 17 9 2 23 4 19 20 21 75 3 14 100 122 22 39 33 118
1 7 2 4 10 17 3 12 108 83 22 11 9 137 6 33 23 129 8 19
1 7 2 4 23 5 65 11 26 80 93 77 60 86 89 54 143 101 16 123
1 7 10 2 9 19 31 46 48 23 76 4 24 5 29 15 127 56 131 140
1 7 10 2 23 4 5 26 11 17 33 77 105 3 37 67 72 16 22 113
1 7 2 23 5 26 10 4 60 16 6 17 47 25 97 11 65 124 130 15
1 7 10 2 9 23 4 5 19 6 20 31 11 15 30 17 3 32 13 77
1 7 10 9 19 20 21 46 17 24 75 79 149 14 3 100 134 48 122 2
1 7 10 17 33 3 12 9 22 31 39 2 19 41 44 83 108 141 148 49
1 7 10 2 23 9 19 20 21 46 24 48 79 4 5 134 29 65 15 75
1 7 2 10 4 9 31 76 13 135 11 17 50 23 132 36 5 40 133 103
1 7 2 4 10 11 23 5 65 42 30 15 17 32 104 56 106 26 9 60
1 7 10 17 3 22 33 37 41 39 141 2 4 12 151 49 9 108 52 83
1 7 10 9 17 19 20 3 12 21 108 137 83 146 31 75 79 76 46 129
1 7 2 10 17 3 9 31 13 76 33 50 135 147 150 126 139 4 156 142
1 7 2 23 4 10 11 30 18 9 125 19 20 144 5 6 75 46 136 31
1 7 2 23 10 5 9 19 17 20 33 15 46 21 79 31 4 48 56 107
1 7 10 2 23 26 9 16 88 119 17 165 145 157 152 3 166 160 5 128
1 7 10 9 17 2 3 22 39 19 141 4 23 33 12 37 108 83 26 20
1 7 2 23 10 9 31 19 4 6 20 25 75 5 11 8 26 30 46 66
1 7 2 4 23 11 6 25 30 18 8 10 26 153 125 155 144 154 9 85
1 7 10 2 23 4 11 6 9 19 77 46 8 30 24 48 162 105 138 127
1 7 10 9 31 76 135 158 159 163 178 13 2 17 164 167 168 33 50 37
1 7 2 10 4 6 17 9 3 25 33 23 37 8 31 66 55 12 19 161
1 7 10 2 9 17 4 23 11 19 6 77 33 113 31 13 50 76 36 40
1 7 10 2 23 9 5 31 13 4 19 20 76 50 132 21 11 15 35 65
1 7 10 2 23 9 4 6 26 8 60 54 16 11 17 33 169 77 113 37
1 7 10 9 19 2 23 17 33 46 37 67 31 5 51 65 42 170 172 82
1 7 2 10 17 3 12 9 23 22 4 11 39 44 19 174 6 8 31 5
1 7 2 10 9 19 23 31 46 5 13 20 75 15 17 21 3 12 56 24
1 7 2 23 26 4 11 10 30 16 18 125 77 144 9 136 60 6 17 33
1 7 2 23 4 10 11 26 5 6 77 105 9 113 16 171 17 33 116 138
1 7 2 4 6 10 17 3 25 9 23 85 111 87 12 19 20 176 108 177
1 7 2 23 26 16 4 11 47 30 88 5 10 119 32 17 60 115 9 18
1 7 10 17 2 33 37 51 173 23 26 182 185 41 52 186 187 9 175 49
1 7 10 17 9 31 76 135 2 158 132 13 188 147 19 3 159 4 6 167
1 7 10 2 4 23 6 8 17 26 25 16 9 33 5 19 65 66 60 3
1 7 2 23 10 26 16 5 17 60 33 9 4 19 54 65 3 47 37 20
1 7 10 2 4 6 17 3 33 8 41 9 12 11 49 30 108 31 146 83
1 7 10 9 19 2 20 46 17 4 3 33 24 21 79 190 22 44 179 11
1 7 2 23 4 11 6 5 77 8 15 56 84 26 105 30 66 16 58 65
1 7 10 9 19 31 13 76 17 135 20 33 147 50 132 37 41 2 49 67
1 7 2 10 17 23 26 3 9 22 39 33 12 37 67 72 83 180 51 73
1 7 2 4 23 10 9 31 5 65 26 11 17 42 170 80 6 82 76 3
1 7 10 9 2 23 4 19 26 31 60 20 97 124 46 5 13 65 50 21
1 7 2 23 10 26 60 17 33 4 41 3 9 22 12 39 44 148 183 37
1 7 2 4 23 26 6 8 25 10 55 16 47 5 65 11 60 54 207 61
1 7 10 17 33 3 37 22 2 9 19 51 41 186 31 46 76 39 52 49
1 7 2 23 5 10 26 15 9 19 46 48 17 162 35 38 16 43 184 195
1 7 10 17 3 2 22 4 6 39 8 44 174 189 9 19 148 12 55 23
1 7 10 2 4 23 9 26 17 19 31 46 5 13 65 76 48 162 36 192
1 7 2 10 4 6 17 25 11 77 33 3 12 22 9 108 41 113 52 146
1 7 10 2 4 11 17 3 22 23 9 77 31 19 30 105 26 76 44 135
1 7 2 23 26 4 16 5 60 88 47 165 119 145 65 15 70 166 128 10
1 7 2 4 10 6 11 25 23 5 30 15 65 18 8 26 66 80 125 86
1 7 10 9 19 46 2 23 17 31 13 24 4 11 30 18 127 198 6 48
1 7 10 9 19 2 46 23 26 60 24 17 4 6 25 11 31 20 75 30
1 7 2 10 9 19 4 6 20 8 66 11 31 161 76 58 55 25 193 181
1 7 2 23 5 26 4 15 16 11 60 35 30 10 54 169 56 123 32 104
1 7 2 10 4 6 25 9 23 11 17 27 5 33 37 30 67 31 76 65
1 7 10 17 3 33 37 67 12 2 108 102 41 72 191 194 83 211 23 73
1 7 10 2 9 23 26 4 16 5 65 88 31 165 47 60 70 119 81 196
1 7 10 2 9 17 23 33 4 6 11 31 25 19 8 5 30 26 60 77
1 7 10 17 33 41 49 52 175 9 31 76 132 37 67 188 57 199 200 135
1 7 2 4 6 11 30 32 25 18 153 85 27 87 111 176 217 155 202 8
1 7 10 17 3 12 83 108 9 2 129 19 46 31 20 22 137 180 13 197
1 7 10 9 19 46 2 48 20 162 31 24 13 205 212 21 36 23 17 29
1 7 10 17 3 22 44 33 174 41 204 2 49 23 39 12 83 228 231 108
1 7 10 17 9 19 3 2 4 20 11 23 26 60 46 31 21 16 88 5
1 7 2 23 26 16 88 60 119 10 47 4 97 54 128 169 81 17 9 6
1 7 2 10 9 4 11 19 23 26 20 60 16 5 75 46 24 48 88 201
1 7 2 10 17 9 4 31 23 3 12 83 33 11 22 6 41 108 39 180
1 7 2 4 6 10 8 55 61 66 218 17 213 23 219 33 207 209 41 11
1 7 2 10 9 19 31 76 135 17 158 33 132 159 46 48 163 24 127 37
1 7 2 23 5 65 15 80 4 6 10 35 86 17 11 8 53 203 66 25
1 7 10 17 2 4 23 6 5 9 8 31 66 55 11 33 41 77 207 161
1 7 2 10 17 33 4 11 23 5 37 77 105 41 30 32 52 113 49 171
1 7 10 9 2 23 31 26 17 33 5 65 41 80 16 76 52 233 37 235
1 7 2 4 6 25 27 117 85 210 220 10 11 87 77 105 8 30 243 206
1 7 10 9 17 31 2 4 11 33 76 37 13 30 19 50 23 3 132 26
1 7 2 10 23 17 9 31 33 3 5 26 16 76 37 47 41 52 81 67
1 7 2 10 23 9 19 26 17 46 3 5 20 31 75 15 4 11 60 14
1 7 2 23 4 6 5 11 8 15 77 35 53 66 25 38 65 43 56 30
1 7 2 23 4 26 6 10 11 30 17 9 16 18 47 77 88 153 31 70
1 7 2 23 5 26 65 80 16 4 10 6 9 19 60 97 88 165 249 145
1 7 2 10 17 23 5 4 26 33 16 6 47 8 55 66 3 161 15 61
1 7 10 2 4 17 33 23 9 6 26 41 3 22 11 5 15 8 44 148
1 7 10 9 31 76 19 132 17 33 3 37 51 12 135 13 158 41 199 22
1 7 10 2 23 17 26 5 9 31 13 36 15 16 76 88 47 19 3 60
1 7 2 23 26 16 5 15 35 47 38 56 84 88 70 81 165 145 65 59
1 7 2 23 26 16 10 47 88 17 3 12 165 81 22 5 15 230 39 56
1 7 10 2 23 9 26 17 19 4 3 5 6 15 16 46 88 33 47 60
1 7 2 10 17 9 31 3 33 37 51 186 221 13 223 67 239 238 12 242
1 7 2 23 26 5 10 65 9 31 17 80 13 19 46 36 76 40 50 224
1 7 2 10 9 4 6 8 31 76 55 17 61 33 3 37 132 232 23 25
1 7 10 9 2 17 19 3 20 31 33 23 46 76 37 41 5 75 15 14
1 7 10 9 19 31 46 13 2 24 50 76 135 156 20 21 90 126 142 17
1 7 2 23 4 5 15 56 65 11 35 80 93 6 26 25 234 10 16 248
1 7 2 4 10 23 6 25 5 11 8 17 85 33 66 111 27 3 41 52
1 7 10 2 4 23 6 8 9 5 17 25 33 41 15 19 3 20 11 55
1 7 10 17 9 33 2 23 26 37 60 3 67 72 194 22 39 97 12 31
1 7 2 23 26 4 5 6 65 16 25 8 10 85 87 91 47 111 217 9
1 7 10 2 4 11 9 6 30 77 23 8 31 113 116 208 214 240 250 55
1 7 2 23 5 15 10 9 26 60 97 31 56 35 65 53 17 13 107 80
1 7 10 9 19 20 75 17 21 33 149 79 90 37 215 134 3 31 41 13
1 7 10 17 9 19 2 33 23 41 31 52 175 49 99 57 227 241 264 4
1 7 10 9 31 13 50 126 2 17 19 142 236 76 4 6 251 23 46 132
1 7 10 9 2 4 19 11 77 30 20 75 18 149 21 245 256 31 268 90
1 7 10 2 4 11 23 30 26 6 18 60 9 77 97 124 105 16 171 32
1 7 10 2 23 4 6 11 26 25 77 60 16 27 113 47 88 68 258 85
1 7 2 4 10 11 30 17 23 18 125 3 22 32 26 39 141 33 45 60
1 7 10 17 2 4 6 33 8 9 37 41 3 31 19 22 49 57 55 39
1 7 10 9 31 13 19 17 46 2 3 33 12 4 36 24 29 6 23 216
1 7 2 23 26 5 16 88 10 4 15 56 60 11 30 9 18 119 54 31
1 7 10 2 23 5 26 17 60 15 4 33 11 41 77 9 56 65 107 52
1 7 2 4 6 10 25 8 23 11 5 26 66 85 161 65 80 77 86 60
1 7 2 23 5 15 56 4 26 65 11 42 80 30 170 84 77 105 6 86
1 7 2 10 4 6 23 9 8 5 66 11 31 19 58 25 26 77 161 96
1 7 10 17 3 33 2 23 37 4 26 16 12 108 88 51 83 60 173 6
1 7 10 17 33 2 41 23 37 26 60 4 11 67 5 15 72 3 77 73
1 7 10 2 17 4 11 30 6 23 33 18 37 32 125 144 51 25 27 85
1 7 2 10 4 6 8 55 25 11 17 3 23 27 33 117 41 26 22 61
1 7 10 17 33 3 37 67 51 22 72 73 9 262 173 31 182 222 229 263
1 7 10 2 23 9 31 26 19 17 46 13 20 36 103 76 33 3 48 5
1 7 2 4 6 10 9 23 8 19 46 48 55 66 25 17 26 11 20 201
1 7 2 23 26 4 5 15 60 10 97 124 17 252 265 9 54 267 266 11
1 7 10 17 33 41 2 52 49 9 31 3 4 12 233 23 22 6 99 37
1 7 10 2 4 17 9 11 30 6 33 3 31 12 77 108 32 18 13 105
1 7 10 9 2 31 23 17 26 60 5 76 19 4 16 132 15 135 33 41
1 7 10 2 17 4 6 23 26 25 11 5 65 9 60 85 97 42 16 111
1 7 10 17 33 3 41 37 52 9 49 99 227 19 22 2 233 175 44 148
1 7 2 4 23 5 65 26 10 11 60 54 123 6 255 97 25 17 27 16
1 7 10 9 19 2 20 4 6 25 85 21 11 23 111 8 5 31 79 190
1 7 2 10 17 3 9 4 31 19 76 22 39 13 132 50 126 20 36 257
1 7 10 17 33 41 9 3 19 31 12 13 83 2 46 180 49 52 36 23
1 7 10 17 9 33 3 31 22 37 44 13 51 50 174 156 186 225 39 247
1 7 2 23 4 6 11 30 32 115 104 26 10 226 5 77 237 244 16 47
1 7 2 4 11 23 26 60 6 5 10 54 77 113 8 116 105 208 65 16
1 7 10 9 17 2 33 3 31 76 23 41 22 49 44 135 5 132 15 4
1 7 10 2 17 4 9 11 19 23 33 20 21 90 41 46 6 49 8 31
1 7 10 9 31 76 135 2 23 5 132 19 147 65 199 42 17 3 188 278
1 7 10 9 19 31 76 132 2 135 147 253 158 199 275 188 277 271 4 6
1 7 2 10 4 6 23 9 5 19 25 8 26 15 35 55 85 16 60 66
1 7 2 10 23 17 4 9 11 30 77 18 33 6 105 113 3 31 116 13
1 7 2 4 11 30 77 32 113 104 105 106 246 279 254 294 259 273 116 171
1 7 10 2 17 23 4 26 33 5 3 12 65 11 108 42 77 41 6 15
1 7 2 10 17 4 11 30 18 32 33 153 154 6 23 155 77 260 261 283
1 7 2 10 4 6 8 9 11 19 17 31 77 46 20 30 18 55 48 153
1 7 2 23 5 15 56 10 65 26 16 9 88 31 19 84 46 119 109 76
1 7 2 23 10 26 5 9 17 16 33 65 37 47 42 60 54 88 170 31
1 7 2 10 9 23 4 19 20 31 75 11 26 17 149 30 60 3 5 13
1 7 10 9 31 76 132 17 3 188 33 135 199 22 44 12 19 108 271 158
1 7 2 23 5 10 4 65 17 42 82 11 3 170 80 86 22 30 26 15
1 7 10 9 17 2 31 76 23 5 33 41 49 135 158 147 19 37 52 150
1 7 10 2 9 17 33 23 37 19 4 67 5 20 11 46 30 6 77 105
1 7 2 10 4 23 26 16 5 15 47 56 84 6 88 25 70 165 27 117
1 7 2 10 9 23 17 31 3 12 76 5 108 26 137 33 19 16 88 135
1 7 10 17 3 22 39 9 19 46 12 48 162 83 129 44 148 20 183 180
1 7 2 4 23 6 25 10 9 26 85 60 5 87 19 97 91 20 46 15
1 7 10 2 4 23 5 6 65 26 15 9 16 42 11 82 60 31 13 54
1 7 10 17 3 2 23 4 11 77 9 26 31 113 105 76 138 135 19 276
1 7 2 10 23 4 9 26 60 54 5 169 65 16 42 31 272 88 13 123
1 7 2 4 6 11 30 32 77 10 8 18 105 125 23 153 171 26 154 136
1 7 2 4 10 9 11 17 77 113 30 31 33 120 23 41 18 52 125 136
1 7 2 4 11 30 18 153 125 136 269 6 23 25 26 16 47 10 5 144
1 7 10 9 31 2 13 23 19 4 36 17 20 33 40 3 12 37 26 6
1 7 10 2 4 6 11 25 9 23 85 30 77 26 17 87 32 31 105 60
1 7 10 17 2 33 37 51 41 67 23 26 5 60 9 15 3 65 19 54
1 7 2 10 9 4 23 11 5 15 26 56 16 17 65 6 107 47 77 35
1 7 2 23 4 26 16 5 6 47 25 8 55 66 207 70 281 284 85 88
1 7 10 9 19 17 46 24 2 127 48 131 140 270 280 198 289 4 201 11
1 7 2 10 9 17 33 19 20 4 3 23 11 22 77 39 46 141 12 5
1 7 2 4 6 11 10 23 8 66 5 15 56 84 26 161 181 274 109 25
1 7 2 10 4 9 11 31 6 76 77 8 25 66 55 85 23 132 30 18
1 7 10 9 17 31 3 13 12 83 22 180 108 36 103 137 285 293 287 129
1 7 10 2 23 9 5 17 33 26 31 37 41 19 65 80 15 52 51 93
1 7 10 9 2 23 5 15 17 65 19 4 42 33 82 11 30 288 297 31
1 7 10 2 9 19 20 23 46 17 26 31 75 24 29 16 127 216 88 165
1 7 10 17 33 41 49 3 12 108 57 99 95 146 296 37 83 52 129 300
1 7 2 4 23 5 10 15 26 60 9 56 16 35 88 47 70 165 65 11
1 7 10 2 9 23 4 11 5 30 19 46 32 15 20 18 6 153 56 155
1 7 10 2 17 23 9 3 19 31 22 26 16 12 60 13 88 108 36 103
1 7 10 2 9 23 31 76 135 132 5 188 199 147 26 16 277 15 19 271
1 7 10 9 2 4 17 11 6 19 30 23 46 26 3 22 48 31 13 33
1 7 10 2 4 23 6 11 77 8 5 65 30 26 105 15 16 47 171 60
1 7 10 17 33 37 9 51 2 4 41 19 173 3 52 31 182 67 295 313
1 7 10 2 17 4 11 30 3 12 6 25 108 83 23 9 22 85 44 129
1 7 10 9 2 23 5 65 4 11 42 17 30 82 288 15 19 32 20 31
1 7 2 10 23 17 26 5 33 3 9 4 11 22 37 41 52 6 49 8
1 7 2 4 23 5 65 80 86 26 89 42 6 82 16 143 93 291 301 60
1 7 2 10 23 17 5 4 6 3 15 11 22 44 35 12 83 38 8 56
1 7 2 23 5 4 11 6 26 16 8 47 55 81 298 30 303 32 115 88
1 7 10 17 2 23 26 4 5 65 15 16 42 82 35 33 56 6 88 80
1 7 10 2 9 31 4 6 13 76 132 199 188 23 135 5 65 158 50 25
1 7 10 2 9 31 19 46 20 21 4 76 24 135 13 48 90 132 158 188
1 7 10 17 9 2 33 19 4 37 31 6 51 173 76 132 25 41 135 23
1 7 2 23 4 11 5 6 65 25 80 8 77 26 60 113 30 86 10 66
1 7 10 2 23 26 60 17 16 4 33 41 52 175 37 67 47 54 51 72
1 7 2 4 10 17 9 33 11 77 31 23 3 5 41 52 13 113 37 116
1 7 10 2 17 3 9 12 23 19 108 146 83 304 315 5 129 22 311 46
1 7 2 10 4 11 9 6 19 8 66 31 23 58 25 193 322 46 13 77
1 7 10 9 31 2 17 13 33 23 4 76 5 15 50 36 11 6 126 40
1 7 2 10 17 33 37 3 51 67 41 173 182 295 186 313 305 22 102 49
1 7 2 23 26 4 6 8 10 16 17 55 11 61 77 47 207 25 33 41
1 7 2 23 5 65 4 6 11 26 30 77 60 10 9 113 31 76 80 132
1 7 10 2 4 17 9 31 76 3 132 13 6 12 108 83 23 50 25 27
1 7 10 9 2 31 19 20 46 4 48 11 75 24 201 13 29 14 23 36
1 7 2 4 6 10 17 11 9 33 25 27 85 41 52 175 111 3 22 77
1 7 10 17 33 37 67 9 102 72 31 191 41 76 19 20 51 13 49 173
1 7 2 23 4 10 26 11 30 17 9 18 5 60 65 15 54 35 53 38
1 7 2 4 10 23 9 11 5 26 77 15 6 105 138 25 85 19 35 276
1 7 10 17 33 3 41 37 12 9 51 186 22 187 83 2 49 19 67 221
1 7 2 23 10 5 65 4 17 80 86 203 282 328 26 42 16 60 82 11
1 7 10 17 2 3 9 22 12 4 19 11 30 39 83 141 33 151 32 31
1 7 2 4 11 6 23 5 10 9 19 30 65 20 25 18 21 32 31 17
1 7 2 23 26 5 16 47 15 88 60 119 70 81 128 97 56 230 35 157
1 7 10 2 9 23 31 19 76 46 13 36 20 135 50 132 158 167 188 21
1 7 2 23 5 4 65 42 170 302 11 172 299 80 26 317 30 93 10 77
1 7 10 17 3 2 23 22 39 44 174 148 45 12 204 83 9 189 129 292
1 7 2 23 4 26 10 6 25 27 5 65 80 85 15 68 9 86 42 170
1 7 2 4 11 23 30 10 9 31 77 6 113 8 120 55 116 105 32 207
1 7 2 4 11 10 30 18 125 144 32 136 115 269 153 77 323 104 326 332
1 7 2 4 23 6 5 8 15 56 65 35 107 53 110 84 42 80 26 170
1 7 2 23 10 26 16 9 5 31 19 20 21 88 46 4 15 56 11 48
1 7 2 23 10 5 15 4 17 3 22 12 39 56 65 141 35 107 6 44
1 7 2 23 10 5 26 9 17 16 88 31 15 13 60 33 4 11 30 56
1 7 2 23 5 65 80 26 15 35 16 60 4 38 88 10 119 128 165 17
1 7 10 2 23 4 26 60 54 9 97 249 169 31 124 286 76 123 310 255
1 7 10 9 17 31 76 19 13 3 46 48 36 201 162 135 205 24 2 158
1 7 10 17 33 9 41 37 2 19 67 72 52 23 233 26 31 5 194 49
1 7 2 4 11 23 6 77 30 113 25 32 27 10 9 104 117 120 5 210
1 7 10 2 9 19 17 46 33 48 3 12 22 162 108 146 31 192 137 201
1 7 2 4 23 6 8 10 25 9 66 26 58 19 46 60 96 193 161 24
1 7 2 10 4 6 23 25 85 111 11 26 16 77 9 17 33 41 87 3
1 7 10 17 2 3 12 9 4 23 26 108 16 47 22 70 83 33 137 180
1 7 2 10 23 4 11 30 77 26 32 5 113 105 115 17 65 104 226 18
1 7 10 9 19 20 31 17 46 76 132 21 2 33 3 41 48 201 135 49
1 7 2 23 5 26 16 4 47 6 60 54 97 25 70 124 15 35 88 53
1 7 10 17 9 33 41 31 37 76 67 132 188 102 278 135 19 3 46 12
1 7 2 23 10 26 9 5 31 65 76 16 17 4 132 19 135 80 147 11
1 7 2 23 26 16 88 47 4 60 11 54 6 123 119 81 5 15 255 77
1 7 2 4 11 6 8 25 30 66 85 161 55 77 10 27 207 117 61 113
1 7 2 23 26 5 16 60 4 88 119 11 165 6 25 128 30 27 18 145
1 7 2 10 4 23 5 15 17 6 8 56 9 31 65 84 76 92 66 290
1 7 10 9 31 76 2 132 188 19 199 20 75 277 306 23 325 13 271 312
1 7 2 10 4 11 77 9 113 17 30 33 37 6 18 32 116 104 153 155
1 7 10 17 33 37 67 9 19 31 51 20 173 102 72 76 21 211 222 191
1 7 2 10 9 23 17 26 5 4 6 60 8 65 66 31 76 11 42 58
1 7 10 17 9 19 3 31 20 46 48 22 33 13 2 37 21 76 44 36
1 7 2 23 10 26 4 5 16 9 60 11 19 20 65 80 93 75 86 77
1 7 10 2 9 23 26 17 3 5 19 31 4 22 60 65 80 46 48 93
1 7 10 9 19 46 31 76 48 20 17 3 24 127 2 162 198 319 321 135
1 7 10 17 9 2 4 19 46 3 22 48 33 24 12 162 11 31 29 216
1 7 2 23 10 26 16 4 11 17 6 25 30 85 5 32 87 104 106 27
1 7 10 9 31 17 3 22 39 44 33 45 76 2 148 12 83 132 180 314
1 7 10 9 19 20 75 149 21 17 46 3 79 134 245 190 268 331 307 24
1 7 2 4 6 23 10 11 5 9 17 19 8 20 75 25 33 85 30 27
1 7 2 4 23 26 11 16 6 30 60 88 54 123 10 255 9 77 8 17
1 7 10 2 9 4 17 33 3 41 49 6 22 11 30 31 57 77 99 37
1 7 2 4 11 30 23 6 10 8 77 105 113 55 25 171 308 309 334 207
1 7 10 17 2 4 11 3 30 22 6 18 33 39 153 77 23 155 26 25
1 7 10 9 2 17 3 23 5 22 4 33 19 44 39 65 11 42 37 12
1 7 10 9 17 2 33 19 41 46 31 76 49 132 135 20 13 75 4 6
1 7 2 23 4 5 65 26 10 42 60 82 80 97 93 301 101 170 346 17
1 7 2 10 17 3 23 12 22 39 4 108 146 9 44 31 6 26 174 11
1 7 10 2 9 17 3 19 31 13 4 50 23 5 20 26 126 46 33 41
1 7 10 17 9 19 2 4 46 3 33 48 201 11 316 20 31 24 29 41
1 7 2 10 9 31 23 19 13 26 20 16 21 79 4 50 6 25 76 90
1 7 2 23 4 5 10 65 6 15 26 35 8 16 42 82 66 58 9 60
1 7 2 23 4 26 11 6 10 60 54 8 25 66 169 5 340 77 9 97
1 7 2 10 17 33 3 37 22 9 31 41 19 39 52 67 12 13 50 175
1 7 2 23 5 65 80 93 26 101 42 347 60 10 318 349 351 9 320 86
1 7 10 2 23 26 16 9 31 47 4 81 298 13 88 17 50 3 12 33
1 7 10 17 3 12 2 83 33 23 22 108 146 9 137 129 324 180 330 31
1 7 2 10 17 4 23 9 31 19 13 36 3 20 50 76 6 5 75 22
1 7 10 17 33 41 37 67 72 102 191 49 57 327 3 73 9 19 95 262
1 7 2 10 9 31 23 76 5 4 65 26 11 132 77 188 42 60 30 13
1 7 10 2 9 4 17 23 3 22 33 19 11 20 44 39 41 26 6 16
1 7 2 23 4 6 26 11 10 8 9 25 85 60 5 16 15 56 66 47
1 7 10 2 9 31 4 19 23 5 11 6 20 30 75 17 33 77 32 37
1 7 10 9 2 17 19 46 20 23 21 31 33 75 3 76 48 26 13 41
1 7 10 2 17 9 4 6 31 25 76 23 11 85 87 33 37 77 19 26
1 7 10 2 17 23 4 33 37 67 51 9 3 72 102 22 12 73 262 11
1 7 2 4 11 30 77 23 10 32 104 17 3 113 120 105 33 6 116 25
1 7 2 23 4 10 17 11 33 26 3 77 60 105 9 22 16 39 138 45
1 7 2 23 5 65 26 4 80 10 42 93 11 17 33 60 54 30 18 86
1 7 10 2 9 31 19 76 23 26 5 16 20 46 48 24 17 29 127 216
1 7 10 17 3 2 9 4 33 12 11 37 22 67 72 30 41 73 52 229
1 7 10 17 33 37 9 19 2 23 41 4 31 13 52 76 67 6 5 46
1 7 2 4 6 23 11 25 85 27 8 5 77 66 117 30 210 18 55 10
1 7 2 10 17 3 4 33 37 22 9 23 31 5 19 13 11 44 15 26
1 7 2 10 4 9 23 26 17 31 19 6 3 76 13 20 135 132 199 188
1 7 10 17 9 33 37 2 23 51 186 173 182 295 313 348 41 353 19 52
1 7 2 10 23 9 5 15 56 35 38 4 17 65 6 84 11 92 19 30
1 7 2 4 6 8 55 23 25 207 209 357 66 364 161 27 26 366 85 281
1 7 10 2 17 4 23 6 5 26 8 3 11 77 113 16 60 97 65 80
1 7 10 2 17 9 31 33 3 22 12 19 76 23 39 83 41 5 180 15
1 7 2 23 10 17 26 3 22 9 16 60 54 97 47 19 31 13 44 46
1 7 10 2 9 19 4 20 23 17 6 3 26 31 21 5 60 13 11 54
1 7 10 9 2 4 23 17 6 33 41 3 31 52 11 233 235 25 37 329
1 7 10 2 9 31 13 4 11 36 30 77 19 18 113 50 76 135 105 158
1 7 10 2 9 17 31 76 23 135 3 132 5 19 12 108 4 147 83 13
1 7 2 4 11 10 9 31 6 19 20 21 8 66 25 30 17 161 33 58
1 7 2 23 26 16 47 5 10 81 88 119 4 298 128 70 361 9 336 356
1 7 10 9 17 31 13 33 36 2 50 4 19 156 225 46 11 247 20 40
1 7 10 2 9 31 76 132 23 135 158 4 17 3 159 147 22 253 163 44
1 7 2 23 26 16 10 9 47 5 31 88 17 70 65 4 196 341 337 76
1 7 10 2 4 9 11 77 113 105 17 120 23 116 6 25 26 33 85 31
1 7 2 23 5 10 15 56 4 107 17 11 30 65 6 80 86 18 77 35
1 7 10 17 33 9 3 31 13 50 12 22 83 19 126 76 2 108 257 20
1 7 10 9 17 33 41 19 46 2 52 48 233 201 49 3 57 316 23 12
1 7 10 9 31 2 19 76 23 5 135 46 48 15 65 24 20 21 13 79
1 7 10 2 17 33 37 3 51 23 9 41 5 67 52 175 173 182 185 12
1 7 10 2 17 4 23 11 9 19 31 30 6 76 26 132 25 77 13 135
1 7 10 17 2 3 33 12 22 9 19 46 23 39 24 127 26 41 37 45
1 7 10 2 17 4 9 19 6 3 22 33 46 12 48 83 20 162 21 39
1 7 2 10 4 11 9 30 18 19 153 31 6 155 46 32 25 20 27 117
1 7 2 23 26 4 11 10 60 9 6 31 97 16 25 30 77 76 18 124
1 7 10 17 3 33 41 12 52 9 37 67 72 108 146 315 22 102 370 194
1 7 2 4 23 11 30 10 32 104 18 115 363 344 9 17 33 6 125 226
1 7 10 9 2 17 31 33 23 4 37 41 52 49 19 99 114 233 3 333
1 7 2 4 11 30 10 23 18 32 9 125 5 15 26 153 136 6 16 115
1 7 10 2 17 9 33 4 11 30 37 51 32 77 67 113 105 41 18 138
1 7 10 2 17 23 9 4 33 5 6 37 65 25 80 19 85 46 24 27
1 7 10 2 23 5 4 17 33 26 15 37 51 186 65 67 11 6 8 77
1 7 10 17 3 33 2 37 51 23 5 22 186 44 26 148 187 183 173 16
1 7 10 9 19 31 2 4 20 23 76 11 26 46 75 77 5 30 6 15
1 7 2 10 9 23 4 31 13 36 6 40 103 50 285 19 293 5 8 66
1 7 10 2 17 23 3 4 9 33 37 31 12 5 108 6 67 76 132 199
1 7 2 23 10 26 4 5 9 19 60 46 11 30 32 77 16 15 31 48
1 7 10 2 17 3 9 23 26 22 16 5 44 65 88 12 4 31 33 15
1 7 2 4 11 6 25 10 8 17 33 66 161 30 77 9 31 3 113 32
1 7 10 9 17 33 2 19 31 37 51 46 13 173 182 76 41 50 185 49
1 7 10 2 23 4 17 6 26 25 60 8 9 85 111 31 176 177 33 54
1 7 10 2 17 33 23 26 9 41 31 16 52 175 19 20 3 264 46 233
1 7 2 4 10 23 17 33 5 6 15 56 84 26 35 60 54 25 85 11
1 7 10 9 2 31 17 23 19 76 135 4 6 20 147 33 13 25 11 41
1 7 2 23 26 5 10 9 4 65 17 6 8 15 33 25 16 35 27 85
1 7 10 2 4 23 9 19 5 11 15 6 26 25 16 35 38 20 30 53
1 7 2 23 10 5 15 56 65 35 84 80 42 82 92 4 9 6 290 8
1 7 10 2 23 5 4 15 17 56 35 9 3 31 19 22 33 44 174 26
1 7 10 17 33 37 9 2 19 23 31 46 41 52 13 48 36 233 175 264
1 7 2 23 4 11 26 60 77 30 54 113 32 104 120 377 169 18 16 88
1 7 2 4 23 6 8 26 25 85 66 16 161 55 354 111 61 11 27 60
1 7 2 23 10 9 19 26 46 48 201 60 380 387 24 16 20 316 127 97
1 7 2 10 9 31 13 36 23 17 3 76 132 5 19 4 65 103 135 12
1 7 2 23 5 4 10 11 77 30 6 17 32 15 113 56 26 35 9 84
1 7 2 23 5 15 35 65 42 38 82 170 301 56 59 53 10 84 107 17
1 7 10 2 9 17 19 31 46 48 20 3 76 22 24 4 75 149 44 245
1 7 10 17 9 31 76 132 3 12 199 33 306 188 41 37 13 49 278 83
1 7 10 9 17 31 76 135 3 132 12 33 83 37 158 147 199 306 41 67
1 7 2 23 5 15 35 26 38 60 54 169 272 10 9 17 123 53 97 249
1 7 10 2 9 23 17 5 65 33 42 3 41 52 170 26 19 12 172 46
1 7 10 9 31 2 4 11 76 17 13 19 46 23 6 5 8 36 15 30
1 7 2 4 11 10 77 113 116 30 105 32 104 332 115 226 23 9 26 208
1 7 2 23 10 26 17 9 60 31 76 54 132 3 188 278 12 199 19 123
1 7 2 4 23 26 5 11 15 16 77 60 6 113 65 10 88 42 82 56
1 7 10 17 3 12 9 83 108 129 33 41 22 324 180 52 330 233 374 339
1 7 10 17 33 3 12 22 41 108 39 44 9 45 31 141 37 174 19 64
1 7 2 4 6 25 11 10 8 66 85 9 27 68 161 23 335 343 5 117
1 7 10 9 19 46 48 201 162 17 31 20 192 24 380 2 342 338 205 382
1 7 10 9 31 76 132 19 199 17 306 135 147 188 277 271 13 3 50 22
1 7 2 4 23 11 10 6 5 30 8 32 18 65 80 115 93 234 77 101
1 7 10 2 9 17 23 4 26 5 3 33 22 44 39 37 12 19 6 8
1 7 10 2 4 9 6 19 31 25 20 85 111 87 27 217 17 23 33 75
1 7 2 23 26 16 5 10 4 15 47 88 119 9 65 81 165 230 157 345
1 7 2 10 23 26 17 16 3 9 47 4 88 119 6 128 350 70 31 60
1 7 10 17 2 4 6 23 3 25 26 60 27 33 9 5 41 16 85 117
1 7 2 23 10 9 19 31 5 46 20 75 13 24 26 36 65 127 29 16
1 7 2 4 6 23 11 10 26 30 5 17 77 8 33 15 35 38 3 16
1 7 10 9 19 46 17 48 31 2 13 24 50 162 36 192 156 76 384 355
1 7 10 2 23 4 5 9 65 26 19 17 46 24 20 21 31 11 90 6
1 7 10 9 19 17 31 20 46 76 48 132 135 158 2 188 159 147 24 3
1 7 2 10 9 23 26 31 60 5 15 16 4 35 19 88 11 6 38 8
1 7 2 4 6 11 10 77 8 113 23 30 9 120 26 5 55 60 16 207
1 7 10 2 17 33 3 22 37 51 67 173 186 12 44 41 174 222 108 9
1 7 2 23 10 26 4 9 11 77 113 60 54 19 46 6 20 169 340 16
1 7 10 2 17 4 23 6 8 9 66 11 5 58 55 3 12 19 108 137
1 7 10 2 9 4 31 6 8 11 55 19 77 76 105 13 36 138 381 390
1 7 10 17 9 19 33 2 3 12 20 22 108 21 146 39 304 315 46 4
1 7 10 9 2 4 17 3 33 19 31 20 12 83 21 6 13 180 46 90
1 7 2 23 4 11 5 10 26 15 60 6 77 105 9 113 25 17 171 33
1 7 2 4 23 11 77 30 10 18 26 32 125 136 6 25 105 115 104 360
1 7 2 23 4 26 11 6 60 25 77 5 27 16 117 54 243 97 85 113
1 7 10 17 3 33 9 2 19 31 20 37 67 102 41 23 75 12 191 76
1 7 2 4 6 25 11 23 77 8 26 16 30 5 88 27 47 165 81 298
1 7 10 9 19 17 20 31 75 3 12 83 129 33 374 149 41 108 21 14
1 7 10 9 31 19 17 3 46 2 23 12 24 127 13 83 48 180 129 358
1 7 10 9 2 19 23 5 26 15 20 35 65 53 21 31 56 38 43 13
1 7 10 17 9 2 3 4 31 19 46 6 24 127 48 29 11 216 131 25
1 7 2 4 11 23 6 5 65 8 55 42 207 30 10 17 77 3 26 12
1 7 2 10 9 17 31 19 4 20 46 33 75 23 6 14 11 77 21 90
1 7 10 17 3 2 4 33 23 5 65 41 15 49 57 56 80 22 26 39
1 7 10 17 2 3 9 23 31 19 4 22 6 44 46 24 8 66 26 13
1 7 10 9 31 13 76 135 2 50 19 158 36 159 40 224 359 373 156 378
1 7 2 23 10 4 5 65 6 11 17 42 26 170 16 60 88 165 302 33
1 7 10 2 17 9 19 20 3 21 23 79 31 22 190 13 134 179 307 33
1 7 10 17 33 37 9 51 3 19 31 76 46 132 20 186 2 221 48 22
1 7 10 17 2 33 9 23 31 76 19 46 41 37 24 20 48 21 13 3
1 7 10 2 17 3 4 6 22 12 108 83 129 9 33 39 324 330 25 137
1 7 2 10 4 6 23 26 11 30 25 9 27 16 8 5 15 17 32 19
1 7 10 9 31 13 19 17 3 2 4 23 11 30 26 18 33 22 32 60
1 7 10 17 3 33 2 23 22 44 12 26 174 204 148 39 183 141 60 362
1 7 10 17 33 3 12 108 41 37 52 83 67 51 9 19 72 129 102 173
1 7 10 2 17 33 41 23 26 16 47 60 37 49 3 67 51 4 173 22
1 7 10 2 23 4 5 26 17 60 54 11 77 30 113 123 105 171 3 16
1 7 2 4 10 6 11 25 17 85 111 8 30 87 32 115 66 161 398 226
1 7 2 4 11 23 6 5 77 10 30 17 8 15 9 32 31 65 18 125
1 7 2 4 10 9 6 19 8 23 46 66 161 17 25 55 207 85 26 58
1 7 10 2 9 4 17 3 19 12 6 46 11 30 25 85 8 33 20 32
1 7 2 23 5 4 26 6 60 65 97 8 15 35 56 54 11 53 107 38
1 7 10 17 2 9 3 22 23 33 12 44 5 31 15 56 107 37 41 39
1 7 2 4 6 23 5 15 11 8 55 35 207 65 281 209 284 357 364 61
1 7 10 9 2 23 19 4 31 5 17 76 46 132 11 3 135 24 147 188
1 7 2 4 23 10 17 5 11 33 15 56 41 84 52 6 25 35 77 8
1 7 2 10 23 9 5 17 65 19 80 26 86 60 15 33 42 16 46 37
1 7 2 10 4 17 11 3 6 9 33 25 19 12 27 83 68 108 137 41
1 7 10 9 31 2 76 4 17 19 11 77 20 113 75 149 46 105 14 135
1 7 2 10 9 19 31 76 17 4 33 46 3 22 24 11 135 147 30 253
1 7 2 10 23 17 33 41 52 233 5 49 99 37 114 9 3 4 57 11
1 7 10 17 9 19 20 46 48 201 75 33 380 37 41 342 51 21 24 2
1 7 10 17 9 31 2 33 3 4 11 41 12 108 77 30 146 105 19 37
1 7 10 17 9 3 33 41 31 37 76 132 2 22 13 23 52 12 175 51
1 7 2 23 26 4 11 6 25 77 5 10 30 8 105 171 372 27 113 18
1 7 10 17 33 41 9 3 37 52 67 102 22 49 211 386 57 19 376 12
1 7 2 4 11 10 9 30 17 19 20 23 6 3 26 18 22 16 153 31
1 7 10 9 17 2 23 26 3 33 4 6 16 12 88 60 119 128 11 350
1 7 2 10 23 17 5 33 26 9 65 37 42 170 60 3 19 16 80 47
1 7 2 4 23 11 30 26 5 6 8 77 65 55 25 10 32 207 104 18
1 7 10 17 3 2 33 12 83 9 22 37 180 19 39 44 148 46 24 4
1 7 2 10 9 17 33 31 19 76 135 20 147 150 139 158 394 3 37 392
1 7 10 17 3 12 83 22 33 180 39 379 37 67 388 51 358 72 194 186
1 7 2 4 10 6 9 25 8 55 66 161 27 17 33 181 274 354 365 11
1 7 2 23 26 60 4 6 10 8 55 61 218 207 232 11 375 66 9 97
1 7 10 9 17 19 20 31 13 21 36 33 3 22 37 2 23 76 51 46
1 7 2 10 9 17 4 31 3 22 76 11 33 23 19 135 30 26 46 20
1 7 10 17 3 9 12 108 146 31 33 13 76 2 304 4 50 132 135 156
1 7 10 2 17 3 12 4 22 108 23 11 9 83 180 39 141 26 146 33
1 7 10 9 19 46 17 33 3 41 2 24 37 4 49 31 29 20 67 13
1 7 2 4 11 6 23 77 8 66 161 354 181 395 113 406 26 365 16 408
1 7 10 9 2 23 17 5 33 41 19 15 31 52 13 49 26 4 36 57
1 7 2 23 10 9 19 26 4 60 16 20 75 6 47 11 8 17 25 33
1 7 2 23 4 26 11 16 47 6 77 5 10 30 8 32 60 9 88 113
1 7 10 2 4 11 23 26 60 9 97 16 54 6 77 169 340 367 272 25
1 7 10 2 4 9 23 11 77 5 19 65 26 113 17 6 30 8 20 31
1 7 2 10 4 11 9 30 6 17 23 77 32 18 153 105 155 8 26 391
1 7 2 23 10 17 33 3 4 11 6 8 12 77 5 30 18 105 125 9
1 7 2 4 23 11 30 32 77 6 26 5 16 104 60 10 17 54 8 169
1 7 10 17 9 2 23 4 33 26 31 41 52 16 47 49 76 233 81 235
1 7 10 2 4 6 25 9 17 23 27 19 11 26 20 21 46 33 16 3
1 7 2 10 17 3 12 9 108 4 19 22 146 83 31 304 6 44 20 148
1 7 2 23 26 16 10 88 4 9 5 6 47 8 11 31 81 17 25 230
1 7 10 2 17 4 33 37 9 3 6 41 31 19 22 11 30 67 72 46
1 7 10 17 2 3 12 33 23 41 4 9 83 49 180 52 175 31 13 233
1 7 2 4 11 23 26 16 30 60 97 88 10 9 47 31 70 17 196 165
1 7 10 9 2 31 76 19 4 17 11 135 30 33 6 37 13 51 41 8
1 7 2 10 9 31 4 11 6 30 18 25 8 17 19 32 115 66 125 85
1 7 10 9 2 4 11 17 6 33 31 19 77 41 76 3 13 52 8 20
1 7 2 23 10 5 17 15 35 33 41 49 9 38 59 53 37 67 102 371
1 7 2 10 4 11 9 30 32 17 19 33 20 104 18 37 115 41 75 3
1 7 10 9 31 13 36 76 50 40 224 17 103 285 293 3 22 385 132 2
1 7 2 23 5 10 65 26 80 42 60 16 88 86 9 119 31 17 93 33
1 7 10 2 9 19 4 20 46 21 48 79 134 6 190 201 369 352 8 307
1 7 2 10 23 9 19 20 17 75 26 46 33 37 16 149 88 41 21 49
1 7 2 4 6 25 11 85 23 111 27 8 77 176 68 66 10 258 30 5
1 7 10 17 9 33 3 19 46 22 48 37 67 20 75 31 12 201 51 13
1 7 10 9 2 31 4 76 17 11 23 132 135 26 33 6 30 18 199 3
1 7 2 23 26 60 54 5 97 16 249 10 169 4 123 255 410 17 6 124
1 7 2 23 4 10 9 26 16 31 11 13 77 47 70 30 60 76 196 337
1 7 10 17 33 2 23 3 22 26 39 4 44 41 174 9 11 6 189 12
1 7 2 23 10 9 19 17 3 31 4 22 46 5 33 6 37 65 67 13
1 7 10 2 17 23 3 33 5 9 41 19 22 20 15 56 75 46 12 65
1 7 2 10 23 26 17 33 9 4 16 47 31 37 19 81 41 51 11 173
1 7 10 17 9 3 31 76 135 13 50 147 156 150 158 139 383 159 164 225
1 7 10 9 2 17 23 26 5 19 15 4 35 46 33 37 31 24 60 97
1 7 2 4 11 6 25 8 10 30 85 17 23 33 87 217 27 32 3 18
1 7 2 10 23 5 26 4 6 65 25 60 8 54 97 124 16 80 85 130
1 7 10 2 9 31 17 19 76 46 33 41 37 4 3 23 22 12 20 108
1 7 10 2 23 26 9 17 5 19 16 88 15 165 56 84 109 31 35 47
1 7 2 10 17 9 33 23 31 4 41 13 11 50 30 32 36 76 5 3
1 7 10 17 3 9 19 12 46 31 24 76 13 36 33 20 22 50 132 44
1 7 10 9 19 31 2 46 23 76 20 48 24 5 4 21 29 135 65 75
1 7 2 4 6 10 23 8 11 17 25 30 5 15 56 107 110 55 85 35
1 7 2 4 6 23 10 5 17 3 22 12 33 44 15 39 141 174 26 45
1 7 2 23 26 60 54 123 5 10 16 410 9 15 35 88 38 97 47 4
1 7 2 23 4 5 10 15 35 11 65 80 77 86 89 56 105 38 6 9
1 7 2 10 17 4 6 3 25 22 12 9 19 85 27 111 11 176 87 177
1 7 2 4 11 30 77 105 18 10 32 153 6 155 260 171 23 104 391 418
1 7 10 17 3 22 33 41 37 51 39 44 67 148 173 49 174 52 2 314
1 7 2 4 10 17 11 23 33 77 9 6 30 5 65 18 25 19 15 105
1 7 10 17 9 19 2 46 4 11 24 23 5 48 29 216 30 18 26 77
1 7 2 10 9 19 17 31 3 20 21 76 33 75 37 90 46 23 12 135
1 7 10 9 19 46 2 24 48 29 4 20 31 17 23 34 127 5 131 76
1 7 2 4 6 23 11 77 25 105 8 27 113 116 117 26 120 66 208 30
1 7 2 10 9 31 17 76 132 13 23 3 135 19 22 147 20 39 12 75
1 7 10 9 31 13 19 36 20 17 2 23 103 420 5 76 132 3 199 277
1 7 10 9 2 31 19 4 46 13 11 36 17 76 33 48 135 3 12 6
1 7 10 9 17 3 19 12 2 31 76 83 20 21 75 23 132 79 5 149
1 7 10 9 17 33 2 3 37 31 51 22 41 39 13 186 45 12 49 23
1 7 10 17 9 2 3 22 23 19 20 31 21 12 39 33 90 368 79 83
1 7 2 23 4 26 16 6 11 60 10 9 97 30 5 25 54 169 272 15
1 7 10 9 17 2 31 19 4 11 20 21 13 90 368 75 23 389 215 393
1 7 2 4 6 10 23 11 77 105 25 8 138 17 85 87 26 381 55 60
1 7 2 4 23 5 6 26 15 56 84 65 92 25 8 60 97 11 35 290
1 7 10 17 2 3 22 39 44 174 23 148 33 204 189 404 4 405 314 11
1 7 2 10 9 23 31 17 4 3 33 41 12 76 108 83 6 180 146 26
1 7 2 23 10 26 9 5 15 17 33 37 35 19 51 60 173 97 4 20
1 7 2 4 11 23 5 10 6 30 65 42 17 25 3 82 9 170 19 33
1 7 2 23 10 26 17 60 16 33 88 97 119 47 3 4 5 15 56 22
1 7 10 17 3 2 23 9 31 33 4 12 76 22 135 158 132 167 147 253
1 7 2 4 6 11 77 113 116 10 208 8 55 23 105 422 25 207 209 423
1 7 10 2 4 11 17 30 77 32 3 23 115 104 363 26 106 33 41 9
1 7 2 10 17 3 33 23 4 37 41 52 12 22 39 83 44 174 67 129
1 7 2 23 5 10 26 60 54 16 169 15 65 56 9 35 88 38 19 272
1 7 2 4 6 10 9 11 19 25 17 23 77 8 85 5 46 66 105 55
1 7 2 4 10 9 17 19 3 31 11 77 33 76 135 6 22 12 41 113
1 7 2 10 9 31 23 17 76 19 26 60 4 54 33 132 20 6 46 48
1 7 10 2 17 4 3 6 22 44 25 23 148 26 12 27 39 85 83 45
1 7 10 9 2 31 13 4 76 135 36 132 40 103 50 420 285 126 224 427
1 7 2 10 4 6 25 17 27 3 23 5 12 117 108 137 15 287 68 146
1 7 10 9 31 17 13 50 3 126 257 142 12 36 76 33 2 22 41 23
1 7 10 9 17 33 19 41 52 31 49 57 76 95 175 233 99 114 13 421
1 7 10 9 17 19 33 37 67 2 41 51 173 23 31 102 191 186 20 13
1 7 2 4 11 30 18 77 105 153 10 113 32 23 155 125 26 16 5 60
1 7 10 9 31 2 13 36 40 76 4 19 17 3 11 46 132 135 20 147
1 7 10 17 9 33 19 46 2 24 29 31 37 48 13 36 201 162 76 23
1 7 2 10 23 17 4 26 60 54 16 5 65 97 11 80 93 47 123 88
1 7 10 9 17 33 19 46 20 21 75 149 90 48 256 201 316 245 3 12
1 7 10 2 9 31 17 23 5 33 37 3 41 67 15 26 102 52 233 72
1 7 10 2 17 9 23 33 3 41 19 5 22 31 39 141 45 151 15 65
1 7 10 17 33 41 9 52 2 233 37 19 417 463 23 31 76 135 132 5
1 7 10 9 31 13 19 20 2 17 4 33 50 46 41 49 37 126 156 76
1 7 2 23 26 10 16 60 97 249 124 4 5 6 9 130 65 19 25 17
1 7 2 4 6 10 8 17 66 55 23 58 161 193 26 181 322 354 60 3
1 7 10 2 23 17 5 3 65 9 15 80 26 22 44 4 60 6 8 56
1 7 2 10 4 17 23 9 11 30 32 5 26 19 31 16 13 60 47 6
1 7 2 4 23 26 6 16 5 10 25 9 15 56 27 31 13 11 65 117
1 7 10 2 23 4 26 60 17 3 22 33 97 9 54 44 16 31 76 174
1 7 10 17 33 3 2 41 23 37 52 233 4 175 26 67 11 6 8 25
1 7 2 23 26 5 65 4 80 42 93 6 170 11 10 77 234 113 25 172
1 7 2 10 23 9 4 26 16 6 31 5 88 65 25 19 60 97 76 135
1 7 10 2 4 17 9 33 31 6 3 8 13 66 37 58 161 50 51 156
1 7 2 10 4 6 17 3 25 12 22 9 27 19 33 44 37 51 31 46
1 7 2 4 23 26 5 16 47 6 11 8 15 77 66 30 113 81 88 105
1 7 2 10 9 4 11 6 17 25 77 33 27 68 335 258 41 396 85 343
1 7 2 23 26 5 16 65 60 97 47 88 165 42 80 170 82 172 81 230
1 7 2 10 17 23 3 12 83 129 5 180 358 397 26 400 399 403 324 402
1 7 2 23 4 5 11 77 10 17 33 41 52 26 9 31 16 19 30 32
1 7 10 17 33 37 9 41 51 67 2 31 76 186 72 49 23 132 221 187
1 7 2 10 4 17 9 19 33 20 6 21 46 25 8 37 55 31 67 90
1 7 2 10 23 5 65 17 3 33 42 170 37 82 41 67 49 288 413 15
1 7 2 23 5 26 60 65 4 15 54 123 10 56 42 82 169 272 412 17
1 7 10 9 31 13 36 17 50 3 40 76 12 156 135 103 147 225 158 108
1 7 10 2 9 19 17 20 33 75 149 41 21 46 79 134 256 23 352 26
1 7 10 17 2 4 23 26 3 22 39 9 33 44 16 88 174 11 189 37
1 7 2 23 4 26 16 47 70 6 11 361 25 88 85 27 196 341 87 119
1 7 2 10 9 23 17 3 26 4 22 12 83 39 6 5 25 60 27 8
1 7 10 9 2 4 19 20 23 5 11 15 46 35 38 21 24 48 75 26
1 7 10 2 23 5 4 9 65 80 31 6 13 76 17 33 132 188 199 25
1 7 2 23 5 10 9 65 4 17 26 19 3 11 20 75 33 60 22 21
1 7 2 10 17 9 31 4 33 6 37 23 3 25 26 67 51 41 19 60
1 7 2 4 11 77 30 105 6 113 25 171 27 32 68 372 117 401 116 138
1 7 2 4 10 6 11 23 30 32 8 77 17 33 66 115 161 354 25 5
1 7 2 4 23 6 5 25 27 26 10 11 30 32 104 77 60 54 8 123
1 7 2 10 23 26 16 9 17 31 3 4 13 6 50 76 12 126 47 83
1 7 2 23 5 15 10 56 26 16 84 60 88 109 54 4 65 430 165 107
1 7 10 9 19 20 21 46 48 90 215 31 75 13 407 50 162 192 24 127
1 7 2 10 4 6 25 23 17 27 8 117 243 26 68 60 55 61 206 428
1 7 10 9 31 13 76 132 199 19 277 306 135 46 147 20 24 48 127 201
1 7 2 23 10 26 5 16 65 80 47 4 42 86 89 93 82 170 17 101
1 7 10 17 3 9 19 12 83 2 129 31 180 20 76 135 46 374 33 433
1 7 2 10 17 33 3 4 23 6 9 26 31 19 25 13 85 12 111 50
1 7 10 9 2 23 5 31 17 19 15 26 56 33 16 47 20 84 70 109
1 7 10 17 33 2 9 19 4 41 52 46 37 49 67 175 24 57 72 194
1 7 2 10 23 17 26 3 16 4 11 12 108 6 9 25 137 146 287 409
1 7 10 2 23 17 3 9 5 31 33 22 26 65 42 12 170 16 60 302
1 7 10 9 19 20 17 46 75 33 48 3 12 149 37 22 2 31 76 245
1 7 10 9 31 2 23 4 26 6 11 17 30 8 3 19 76 13 132 50
1 7 10 2 23 9 26 16 88 31 17 76 47 119 157 135 147 13 165 150
1 7 2 10 4 23 26 9 60 5 97 15 31 76 54 132 249 199 169 35
1 7 2 23 26 10 9 31 60 5 4 65 54 17 11 19 97 77 105 30
1 7 10 9 2 23 17 33 41 19 49 31 26 52 37 20 16 76 132 199
1 7 10 9 17 19 46 33 20 3 75 24 21 29 14 216 31 48 98 79
1 7 2 23 5 15 26 65 56 80 107 110 10 17 415 4 426 432 419 431
1 7 10 2 23 5 26 65 16 9 4 60 88 17 80 54 3 31 11 93
1 7 2 4 11 6 10 30 23 32 8 26 25 17 5 3 85 111 87 77
1 7 10 2 4 9 6 8 55 66 11 30 18 31 19 76 135 147 132 32
1 7 10 2 17 33 37 3 4 6 9 51 67 173 102 23 222 191 19 46
1 7 10 9 17 3 22 2 23 4 44 33 19 37 5 41 51 15 67 46
1 7 10 2 17 33 23 4 41 6 9 19 31 76 5 20 13 135 50 52
1 7 2 4 10 9 6 17 25 85 19 20 3 21 22 31 8 27 55 39
1 7 2 23 4 5 6 65 11 15 8 30 25 85 35 55 18 111 32 398
1 7 10 17 2 23 4 3 12 83 108 9 137 180 287 31 76 26 11 33
1 7 10 2 9 23 31 26 4 16 17 6 25 47 3 85 33 111 12 87
1 7 2 23 10 17 26 33 37 3 9 51 22 31 44 39 76 19 41 49
1 7 10 17 9 31 13 76 135 158 159 167 36 103 19 420 147 3 46 427
1 7 10 17 33 9 3 2 4 37 67 22 102 191 39 41 51 173 327 222
1 7 2 4 23 6 25 11 77 8 30 85 87 66 26 217 16 47 161 81
1 7 2 23 26 60 54 10 123 410 169 97 255 16 340 4 429 124 249 88
1 7 2 4 10 11 6 8 66 30 58 161 181 96 55 77 32 274 439 105
1 7 10 17 33 37 67 51 9 186 3 102 191 173 327 2 19 424 4 23
1 7 2 23 4 10 17 5 15 6 65 42 25 8 85 55 87 11 80 9
1 7 2 23 4 5 11 30 77 6 18 10 15 125 26 60 32 25 35 115
1 7 2 23 26 4 16 6 10 17 8 55 61 25 85 232 27 11 30 375
1 7 2 10 4 9 23 31 6 11 17 5 33 37 8 51 19 65 76 135
1 7 10 2 4 11 77 17 23 3 22 105 9 6 5 8 66 113 39 171
1 7 2 23 26 60 54 4 16 11 77 6 10 105 97 9 249 442 8 66
1 7 10 17 9 19 33 20 2 3 23 31 5 75 12 15 46 14 4 35
1 7 10 2 17 4 6 3 12 33 25 27 9 11 83 108 23 117 85 87
1 7 10 17 2 3 4 11 30 77 18 125 105 32 144 434 115 136 12 451
1 7 2 23 5 4 10 9 19 11 65 20 26 15 77 56 105 60 84 113
1 7 10 2 23 26 60 54 16 5 17 169 4 340 367 15 414 3 12 83
1 7 10 17 3 2 23 4 26 60 9 54 5 123 6 8 31 19 25 33
1 7 10 9 19 20 21 75 90 17 149 368 2 23 46 48 3 26 31 14
1 7 2 10 17 33 3 12 108 137 287 37 4 83 197 51 416 22 41 6
1 7 10 2 23 4 5 11 17 30 18 153 77 65 80 9 93 3 33 12
1 7 10 9 19 2 31 23 20 26 76 135 46 21 132 24 48 147 75 14
1 7 2 10 9 23 17 4 3 33 41 19 31 20 11 52 75 13 50 37
1 7 2 23 26 5 65 80 60 16 97 42 86 249 88 286 10 124 47 119
1 7 10 17 3 2 12 4 33 6 11 22 30 32 8 108 25 23 27 55
1 7 10 17 3 33 12 9 19 83 46 37 180 108 24 20 137 127 197 129
1 7 2 10 4 17 3 33 41 52 23 49 37 5 11 22 39 44 77 113
1 7 2 10 4 11 30 18 77 23 9 17 105 31 125 113 19 153 32 115
1 7 10 9 19 17 3 46 22 39 48 44 24 31 2 148 76 141 13 12
1 7 10 17 33 37 51 9 19 46 41 173 31 76 132 67 135 147 52 49
1 7 2 23 4 10 11 30 77 105 17 32 33 138 41 276 381 9 115 49
1 7 10 17 3 33 9 19 41 22 37 46 2 23 67 31 12 5 72 73
1 7 10 9 2 19 46 23 17 24 20 5 75 3 4 26 15 60 33 97
1 7 10 9 17 31 19 20 76 3 46 33 75 149 132 12 41 256 83 108
1 7 10 2 17 33 3 41 9 31 23 76 4 13 12 19 135 46 50 147
1 7 2 10 4 23 5 17 6 25 8 27 3 11 33 9 117 15 22 66
1 7 10 9 19 17 31 46 13 3 24 127 2 4 20 198 76 48 12 33
1 7 2 10 17 9 31 13 4 3 36 12 19 40 46 76 108 135 11 77
1 7 10 9 31 19 2 46 17 48 3 76 12 108 137 20 23 135 132 4
1 7 2 4 23 10 6 17 33 37 51 26 41 173 25 182 85 11 67 5
1 7 10 9 19 46 24 31 17 3 48 2 162 76 201 20 380 75 23 21
1 7 10 17 2 33 41 37 51 173 4 186 222 3 49 187 6 25 12 83
1 7 10 17 3 22 33 37 44 174 39 2 9 41 12 23 83 19 141 52
1 7 10 17 3 22 39 44 148 183 141 9 2 362 314 411 425 33 436 174
1 7 2 10 17 33 9 4 31 3 37 22 23 39 26 51 12 67 83 45
1 7 10 17 9 19 46 31 48 76 20 162 3 12 205 135 83 147 21 24
1 7 2 4 6 11 30 18 125 23 153 10 17 155 77 3 144 136 26 25
1 7 2 23 26 16 4 47 70 81 230 361 60 6 88 25 8 66 345 97
1 7 10 2 4 6 25 9 31 13 19 11 50 77 17 36 76 3 12 40
1 7 10 17 2 3 33 9 23 37 26 19 22 31 41 52 51 173 182 60
1 7 10 17 33 2 9 19 3 4 20 12 46 6 108 23 48 21 31 26
1 7 2 10 4 11 30 23 18 9 19 46 32 48 125 5 115 20 153 201
1 7 10 2 23 4 5 15 56 65 107 11 9 77 110 435 84 445 31 76
1 7 2 23 4 11 10 5 6 9 31 15 25 65 26 19 20 35 46 38
1 7 10 9 17 3 22 33 31 39 12 76 44 141 83 151 2 4 45 129
1 7 2 4 10 17 6 33 8 55 61 207 23 26 232 3 11 41 30 16
1 7 10 2 4 6 23 11 17 8 77 5 66 55 161 9 65 80 58 86
1 7 2 23 5 4 26 6 25 65 16 8 66 27 68 42 117 15 161 181
1 7 10 17 9 33 2 41 49 31 13 99 227 114 57 76 95 4 11 36
1 7 10 9 19 2 20 17 4 11 3 46 6 75 149 256 31 25 22 14
1 7 10 2 23 5 17 9 4 33 37 31 41 3 13 6 50 8 11 15
1 7 10 9 17 3 19 31 76 2 22 132 46 199 23 44 33 24 188 148
1 7 10 17 3 22 39 141 33 45 2 64 12 437 23 44 443 292 4 174
1 7 2 4 6 11 10 77 30 23 26 5 105 171 32 113 116 15 208 104
1 7 10 9 17 31 2 33 41 76 19 20 37 4 51 46 52 75 6 175
1 7 10 2 4 6 25 23 27 117 8 9 55 207 210 66 11 77 161 220
1 7 2 10 4 11 77 9 6 113 31 120 105 377 25 76 19 449 17 452
1 7 10 17 33 37 51 67 41 2 72 186 187 3 9 52 173 102 194 233
1 7 2 10 4 6 25 9 8 85 19 11 111 176 30 66 177 161 18 398
1 7 10 17 2 23 26 4 5 33 37 41 52 51 233 417 448 173 3 465
1 7 2 23 26 5 65 10 15 56 9 84 109 430 16 35 42 80 88 17
1 7 2 10 17 33 37 51 3 186 12 22 67 23 221 72 173 194 41 187
1 7 2 23 26 4 60 10 9 5 31 97 249 17 124 65 286 252 33 37
1 7 10 9 2 17 3 12 83 19 31 46 33 4 6 37 8 108 24 66
1 7 10 17 33 37 2 67 23 41 3 72 5 51 52 49 65 15 73 12
1 7 10 9 2 19 46 24 31 48 4 127 76 135 13 201 131 50 6 316
1 7 10 2 9 19 4 31 11 17 23 26 6 76 8 13 132 3 5 33
1 7 10 2 4 9 6 8 25 55 61 31 17 11 232 3 66 161 23 22
1 7 2 23 5 15 35 4 38 26 11 6 30 32 25 8 104 27 68 66
1 7 2 10 17 3 12 33 22 83 41 44 52 4 49 6 99 233 9 417
1 7 2 4 23 5 6 8 55 65 25 27 68 117 26 207 42 10 80 15
1 7 2 23 26 10 16 9 4 88 19 20 5 31 46 21 119 79 65 6
1 7 10 17 33 2 4 11 77 3 41 49 57 113 99 30 227 114 37 23
1 7 2 10 17 3 12 83 180 379 9 358 33 19 440 37 441 459 22 455
1 7 10 9 2 19 17 23 4 5 11 65 15 26 33 80 37 35 31 42
1 7 2 10 23 4 5 11 17 30 65 26 6 60 80 15 42 56 77 105
1 7 2 4 10 17 6 9 8 23 25 33 55 27 68 335 5 11 19 66
1 7 10 17 33 41 37 3 9 67 49 99 19 72 31 57 51 20 173 222
1 7 2 23 5 65 80 15 4 35 93 56 107 6 234 101 53 86 25 26
1 7 2 10 23 4 17 11 26 3 16 47 88 119 9 12 81 70 30 22
1 7 10 2 4 23 17 5 15 11 30 56 6 84 25 3 22 18 33 44
1 7 10 2 9 23 31 13 76 19 4 50 126 46 132 26 188 17 60 48
1 7 2 4 11 23 77 10 30 5 113 65 116 80 6 105 42 8 66 171
1 7 10 2 4 6 23 25 17 3 26 33 60 22 8 12 16 47 11 37
1 7 2 10 23 26 4 11 16 9 30 6 88 77 32 113 8 47 115 55
1 7 2 4 23 26 6 5 60 25 97 85 8 65 15 66 16 87 56 10
1 7 2 23 26 4 10 9 19 17 11 6 16 30 46 48 77 105 3 25
1 7 10 2 4 23 9 19 6 46 25 5 26 85 27 48 16 47 68 8
1 7 10 9 17 31 33 3 13 2 76 132 37 50 51 173 36 19 103 4
1 7 10 2 9 4 17 19 3 11 77 22 105 20 6 113 46 33 48 138
1 7 10 9 2 19 31 76 46 13 48 23 135 132 199 17 4 201 158 162
1 7 10 9 2 17 19 46 3 48 201 31 20 162 192 338 24 76 205 22
1 7 10 2 4 11 77 9 30 23 105 171 31 76 18 372 125 113 468 135
1 7 2 10 17 9 4 6 3 23 26 12 19 5 16 46 47 20 108 8
1 7 10 17 33 3 9 19 31 37 41 52 76 46 51 13 49 132 22 44
1 7 10 2 4 23 17 3 33 37 5 11 22 77 105 9 30 19 12 83
1 7 2 23 10 5 65 42 26 60 97 4 6 54 25 9 27 68 169 124
1 7 10 2 9 17 31 76 132 3 33 23 188 135 37 199 26 13 50 4
1 7 2 10 17 4 9 3 6 23 25 11 77 33 27 8 85 31 111 19
1 7 10 17 3 33 12 41 52 108 146 22 9 233 235 2 39 141 4 329
1 7 2 10 9 17 23 31 13 50 126 4 156 11 257 30 18 125 3 36
1 7 10 2 17 33 23 3 22 12 83 41 5 26 44 52 9 15 108 37
1 7 10 2 23 4 9 31 17 11 30 5 13 18 19 153 155 3 20 125
1 7 10 17 3 12 83 108 146 315 370 129 446 444 9 450 19 454 137 287
1 7 10 9 2 31 4 13 6 23 76 26 5 19 15 35 38 36 8 16
1 7 10 2 9 19 17 46 20 23 26 31 75 13 60 33 97 41 4 48
1 7 2 23 26 16 60 5 4 97 11 54 88 123 119 128 249 30 77 356
1 7 10 2 4 17 11 33 77 105 37 171 6 113 120 23 51 8 377 372
1 7 2 10 17 23 5 26 65 15 56 4 84 9 3 80 12 93 42 170
1 7 2 4 6 10 11 77 25 9 30 8 18 66 31 161 32 27 58 115
1 7 2 23 4 5 6 8 15 66 25 35 56 38 55 65 84 10 53 85
1 7 10 2 17 9 33 19 23 4 41 11 30 6 32 18 37 20 153 31
1 7 2 10 23 17 5 15 56 84 9 35 31 38 107 3 53 76 19 65
1 7 2 4 6 11 23 30 32 26 8 60 115 18 104 125 332 54 5 136
1 7 2 4 10 6 17 8 25 9 3 27 11 23 66 117 12 58 85 83
1 7 10 9 31 19 20 17 76 132 2 3 13 33 23 75 36 14 4 100
1 7 10 17 9 33 19 46 2 48 23 5 41 15 201 20 3 37 75 67
1 7 10 9 19 31 2 17 3 4 76 135 158 11 147 159 167 168 457 163
1 7 2 10 23 5 17 65 4 3 80 9 19 46 42 22 170 39 12 82
1 7 10 2 17 33 41 52 4 11 233 417 77 113 30 6 448 23 465 105
1 7 2 10 4 9 11 30 77 31 19 6 23 5 105 32 15 65 113 76
1 7 10 2 4 6 25 27 17 85 3 23 87 9 31 217 111 447 461 8
1 7 10 2 23 26 16 88 47 60 81 298 458 467 4 97 70 361 460 249
1 7 2 23 4 26 10 11 30 6 8 32 55 18 9 16 88 165 145 17
1 7 2 4 6 8 11 10 30 32 77 23 9 66 113 161 17 354 31 55
1 7 10 2 4 23 11 6 8 77 5 65 9 15 55 30 32 104 105 207
1 7 2 4 11 10 30 17 3 23 5 12 65 33 37 77 22 113 116 9
1 7 2 10 4 6 23 11 9 30 25 27 26 17 18 85 87 217 32 111
1 7 2 10 9 17 23 26 31 4 76 60 97 13 11 5 124 77 249 252
1 7 2 4 10 9 11 6 19 20 23 30 8 18 25 77 85 17 113 27
1 7 10 2 17 4 23 33 5 6 9 15 3 8 19 11 26 16 22 31
1 7 2 10 4 9 23 31 5 19 65 6 20 21 15 25 11 35 46 27
1 7 10 17 9 33 19 41 2 3 12 37 51 108 186 83 49 221 137 99
1 7 10 9 2 31 76 19 135 17 13 23 50 132 26 3 60 156 384 147
1 7 2 23 5 26 15 10 4 6 60 54 8 16 35 65 66 88 123 119
1 7 2 4 11 77 10 105 30 23 113 138 116 17 5 422 120 65 32 26
1 7 2 23 10 4 17 33 41 3 11 30 49 77 5 99 227 37 18 52
1 7 2 23 10 26 60 16 97 88 17 124 33 37 119 54 67 130 72 9
1 7 10 17 33 3 12 41 52 22 39 108 9 49 99 114 44 174 141 2
1 7 10 2 23 9 19 20 5 17 31 65 33 46 4 11 42 77 41 48
1 7 10 17 9 3 12 108 2 23 22 26 19 20 39 31 60 97 33 54
1 7 2 23 5 10 4 65 11 77 42 6 170 26 25 17 85 30 80 172
1 7 2 10 23 17 4 11 9 30 33 77 105 113 116 37 422 423 26 51
1 7 10 9 19 46 24 127 31 17 48 131 76 201 198 2 135 438 147 158
1 7 2 23 10 5 65 42 26 9 19 15 31 17 3 13 22 170 46 24
1 7 2 23 4 6 10 25 8 5 17 66 9 65 85 19 11 27 111 398
1 7 2 4 6 8 23 11 10 30 25 55 66 161 32 61 5 104 232 77
1 7 10 17 33 3 37 2 67 4 6 25 102 8 211 453 72 12 85 23
1 7 10 9 17 2 4 3 33 6 37 41 23 11 25 26 49 5 77 15
1 7 10 9 17 3 12 2 33 22 23 26 41 19 5 108 146 31 46 49
1 7 10 2 4 17 11 6 77 33 9 19 46 24 20 48 29 75 34 14
1 7 10 9 2 17 23 26 5 3 12 65 16 60 4 83 19 80 54 42
1 7 2 23 4 5 6 25 26 27 11 85 77 113 116 8 15 60 68 54
1 7 2 10 4 17 6 11 30 77 8 25 85 111 32 113 104 9 23 66
1 7 2 23 10 5 15 26 65 17 4 11 80 86 203 56 3 282 22 16
1 7 10 17 33 2 4 11 6 3 37 77 22 41 51 8 105 113 12 173
1 7 2 23 26 16 10 4 6 9 11 5 88 60 19 47 77 119 15 113
1 7 2 4 6 25 27 117 11 8 66 68 55 243 161 206 181 85 61 335
1 7 2 10 9 17 31 13 4 11 6 30 33 19 77 20 46 23 41 21
1 7 2 23 4 6 26 25 27 16 10 68 47 17 85 8 66 5 111 11
1 7 10 9 2 31 17 13 33 50 156 37 384 51 23 19 126 225 41 52
1 7 10 9 19 31 76 132 20 188 135 13 147 278 199 306 50 271 17 158
1 7 10 17 33 41 9 3 2 37 12 67 31 23 26 83 13 50 76 16
1 7 2 23 4 10 11 17 26 60 77 97 124 3 249 105 9 252 113 286
1 7 2 10 23 5 65 42 15 17 56 4 33 41 107 52 26 16 47 70
1 7 2 10 4 9 19 31 11 76 20 135 6 13 25 30 85 32 104 77
1 7 10 17 3 33 9 2 37 4 41 31 76 67 11 6 102 8 191 22
1 7 2 10 23 5 65 80 15 86 4 35 203 328 89 143 56 464 107 84
1 7 2 4 11 30 10 17 3 9 6 31 76 22 25 13 135 33 36 50
1 7 2 10 4 17 9 23 26 16 19 60 31 5 33 46 76 65 24 15
1 7 2 10 17 4 6 33 9 3 12 37 31 67 19 83 129 374 108 72
1 7 2 4 10 17 11 6 25 9 85 77 3 27 19 46 33 22 41 39
1 7 10 17 33 37 3 12 108 9 137 19 2 287 41 409 146 20 52 175
1 7 10 17 9 3 12 31 19 33 13 46 83 37 129 50 374 180 48 201
1 7 2 10 17 4 11 6 8 33 9 30 37 55 77 66 67 161 181 72
1 7 2 23 26 16 5 10 15 9 35 4 53 11 31 30 77 60 17 56
1 7 2 23 5 10 9 17 26 16 19 4 6 65 8 80 47 66 81 25
1 7 2 23 10 5 17 4 11 26 15 56 33 9 65 107 37 110 80 6
1 7 2 10 4 9 31 19 17 20 6 23 21 13 76 33 36 3 12 46
1 7 10 2 4 23 6 5 8 26 16 66 55 61 15 65 42 35 161 218
1 7 10 17 2 9 23 19 3 33 46 26 12 22 60 44 20 97 5 21
1 7 10 2 4 17 3 9 22 23 39 11 12 19 6 141 8 44 46 108
1 7 2 23 5 4 6 11 30 10 77 65 9 32 31 15 13 25 56 50
1 7 10 2 23 17 4 5 65 11 26 33 80 3 22 42 6 39 8 170
1 7 10 9 31 13 36 103 2 420 285 427 23 40 76 470 5 224 135 472
1 7 10 9 19 17 3 12 2 108 31 83 22 4 6 23 11 33 46 25
1 7 10 2 23 5 26 60 17 33 37 3 54 169 9 19 123 41 410 4
1 7 2 4 11 23 30 10 5 9 65 18 15 26 6 80 153 86 19 46
1 7 2 10 17 3 9 19 31 33 76 135 41 158 23 159 4 20 21 75
1 7 10 17 3 12 22 9 33 39 2 45 108 37 51 64 19 186 67 221
1 7 2 4 6 25 8 23 85 55 10 66 61 111 398 471 27 473 207 26
1 7 2 23 10 5 17 4 33 9 65 26 60 16 11 42 47 82 37 51
1 7 2 10 23 4 11 17 6 9 19 33 8 3 12 26 83 41 55 61
1 7 2 4 11 30 77 105 138 32 6 23 115 276 363 469 226 475 25 480
1 7 2 10 17 9 3 31 23 76 13 19 36 33 41 20 135 46 49 158
1 7 10 9 17 31 76 2 3 13 23 50 156 135 5 65 33 41 158 159
1 7 10 17 3 22 44 148 9 174 314 12 204 2 19 33 39 189 31 228
1 7 10 17 9 19 31 76 20 2 13 21 23 79 3 132 188 190 75 135
1 7 2 10 17 33 3 37 41 67 102 23 51 186 12 83 187 180 221 358
1 7 2 4 6 11 23 77 30 5 113 32 65 18 10 25 125 116 105 115
1 7 2 10 4 17 3 6 11 33 37 23 26 41 51 22 39 9 45 49
1 7 2 23 26 16 4 5 88 165 10 9 11 166 30 47 18 482 70 31
1 7 2 10 17 33 37 41 49 57 4 67 72 476 484 481 95 73 52 421
1 7 10 17 3 2 12 22 39 9 19 83 4 23 31 33 37 76 6 26
1 7 10 9 31 76 19 2 23 46 24 20 5 135 48 65 42 132 147 80
1 7 2 4 23 11 6 10 30 18 26 9 77 125 113 144 60 97 31 153
1 7 10 9 19 2 20 17 33 31 13 50 36 4 126 103 75 46 23 285
1 7 2 23 5 26 16 60 88 97 47 70 65 165 80 86 10 15 42 249
1 7 10 9 2 4 6 11 77 31 13 23 5 30 32 15 50 17 18 104
1 7 2 10 4 11 30 32 6 17 23 9 18 19 31 76 26 3 13 12
1 7 10 17 3 12 33 9 108 41 22 2 37 19 20 67 51 52 137 186
1 7 2 4 6 8 25 23 55 11 5 207 26 66 10 60 54 65 16 80
1 7 2 4 23 26 6 16 47 8 11 55 5 81 60 298 230 54 77 303
1 7 10 9 31 19 13 50 20 17 36 21 40 46 33 76 135 75 24 127
1 7 2 10 9 17 19 20 31 46 48 75 149 21 76 162 256 13 245 3
1 7 10 9 2 31 76 132 4 135 188 17 3 23 22 147 11 5 199 306
1 7 2 10 17 23 33 26 60 16 4 6 5 15 35 37 38 97 41 56
1 7 2 4 10 9 31 6 76 19 8 13 23 132 36 66 199 161 46 55
1 7 10 2 4 17 23 3 5 26 65 16 33 47 70 6 8 15 66 37
1 7 10 17 2 23 3 33 9 12 83 31 76 108 135 147 4 137 5 146
1 7 10 2 9 23 26 5 17 60 19 97 3 249 286 4 6 46 33 65
1 7 10 9 2 23 5 17 26 16 33 15 4 37 60 65 54 35 80 11
1 7 2 10 9 23 5 4 65 19 20 75 17 42 82 301 31 11 77 113
1 7 10 2 23 5 65 80 15 26 42 17 16 170 302 33 35 86 3 4
1 7 10 17 9 3 2 33 12 83 129 180 108 31 4 22 44 148 41 76
1 7 10 9 2 31 19 17 76 13 50 135 3 132 199 4 147 277 325 253
1 7 10 2 23 26 4 16 60 9 88 47 81 230 19 31 6 70 17 33
1 7 2 10 4 17 11 23 9 77 105 5 3 171 22 12 19 26 15 113
1 7 10 17 3 2 22 33 4 23 26 16 60 6 41 25 5 39 44 49
1 7 10 2 4 17 6 11 30 32 25 18 9 77 113 27 120 115 31 363
1 7 2 23 5 65 15 35 10 26 4 9 42 82 6 288 80 297 93 8
1 7 10 9 17 2 31 3 19 76 132 22 20 21 12 79 108 146 188 199
1 7 10 17 33 2 23 26 41 60 37 54 49 67 57 95 296 97 476 99
1 7 2 10 17 4 11 6 77 25 23 30 9 33 27 8 5 66 161 15
1 7 10 17 9 33 37 51 3 12 41 108 146 22 304 186 315 221 456 39
1 7 10 9 17 33 3 31 37 12 108 51 41 49 76 52 13 67 233 36
1 7 10 9 2 17 4 33 31 6 3 19 41 23 37 76 25 49 135 26
1 7 2 4 10 9 6 19 31 76 11 13 132 188 135 17 50 77 46 278
1 7 10 9 2 31 19 76 46 23 48 135 201 132 380 13 158 24 127 316
1 7 10 2 17 4 9 6 31 8 55 19 13 66 46 20 33 58 96 161
1 7 10 2 17 3 23 9 12 108 146 137 5 315 370 26 444 304 19 31
1 7 2 10 17 23 9 26 33 4 3 6 12 41 22 37 108 8 31 51
1 7 2 10 23 17 5 26 65 4 60 80 54 3 86 33 9 19 203 37
1 7 10 2 17 3 4 11 9 77 23 105 5 65 42 30 171 80 15 372
1 7 10 17 9 19 3 46 2 4 20 6 23 25 31 24 22 5 85 33
1 7 10 9 2 23 26 4 6 25 19 46 60 16 27 31 8 48 97 68
1 7 10 9 19 31 20 46 13 76 2 50 21 48 90 24 156 75 79 368
1 7 10 2 9 19 17 23 46 3 26 24 29 34 474 33 16 48 127 479
1 7 2 4 6 10 25 11 30 23 32 115 18 226 17 125 136 3 269 326
1 7 2 10 17 23 3 12 5 9 108 31 4 137 11 33 22 39 65 41
1 7 2 10 17 33 3 9 41 49 12 37 19 108 52 31 22 67 137 13
1 7 10 2 17 33 41 49 4 3 52 11 175 9 31 264 30 22 19 46
1 7 10 9 31 13 2 17 19 20 33 50 23 75 36 126 257 37 51 76
1 7 10 17 33 9 37 41 67 72 51 194 485 489 3 491 31 173 49 12
1 7 2 23 26 10 5 17 16 65 88 15 60 165 42 82 3 166 9 119
1 7 10 2 4 9 17 6 31 19 3 46 24 11 23 20 77 21 26 90
1 7 10 2 17 9 23 33 31 76 3 13 19 132 4 12 26 50 199 306
1 7 2 23 26 5 16 4 60 11 65 54 77 30 32 104 105 6 97 169
1 7 10 2 23 26 16 4 5 9 11 31 88 65 76 6 119 15 30 56
1 7 2 4 6 8 11 30 55 77 113 23 18 5 120 61 105 25 171 32
1 7 2 23 5 15 65 80 35 93 56 101 84 92 347 4 6 86 290 351
1 7 2 23 5 65 80 86 203 328 89 15 143 291 487 477 478 494 56 488
1 7 10 2 23 26 4 17 3 16 60 97 12 83 47 108 88 165 9 180
1 7 2 4 23 10 17 26 3 12 22 6 39 33 8 37 25 83 60 141
1 7 2 10 9 17 23 3 4 33 5 65 37 22 39 26 11 16 60 44
1 7 2 4 23 6 10 25 8 27 66 117 161 26 9 16 31 243 85 428
1 7 2 23 26 10 9 16 88 17 47 60 31 19 70 81 46 54 48 20
1 7 10 17 33 9 37 51 3 173 41 67 22 222 483 52 186 462 2 44
1 7 10 2 9 4 11 31 77 13 113 120 105 50 171 6 372 377 449 466
1 7 2 10 23 17 26 5 15 33 16 35 53 38 59 37 47 81 43 69
1 7 10 2 4 11 6 23 25 5 77 15 113 27 9 31 19 76 20 75
1 7 2 4 6 25 85 11 8 27 117 77 10 113 105 55 138 68 120 207
1 7 10 2 4 6 8 23 9 26 5 11 66 77 113 17 58 25 120 377
1 7 10 17 2 33 41 52 23 9 5 26 65 19 175 264 3 16 37 51
1 7 10 2 4 9 23 6 26 5 8 16 31 25 47 60 65 17 42 97
1 7 2 10 9 31 17 76 3 22 19 33 13 39 41 50 49 135 156 4
1 7 2 4 10 17 23 33 37 67 3 6 25 8 85 9 111 31 176 202
1 7 10 17 3 12 2 9 4 19 6 25 33 8 27 11 55 207 209 281
1 7 10 2 17 23 26 9 4 3 19 31 6 60 11 33 13 20 37 46
1 7 10 2 9 4 17 3 19 22 23 39 141 20 362 44 151 148 5 11
1 7 2 10 9 23 17 4 19 5 31 20 76 135 65 26 16 33 15 46
1 7 2 10 4 9 6 11 8 77 31 25 13 30 66 85 18 105 87 58
1 7 2 10 4 9 19 23 6 5 46 48 15 17 162 26 201 65 24 31
1 7 10 2 17 3 33 41 4 23 5 22 11 77 113 12 52 49 116 208
1 7 2 10 23 4 11 6 9 31 25 30 32 27 117 13 36 50 243 77
1 7 10 2 4 17 33 23 26 60 9 31 54 6 19 76 169 340 25 3
1 7 2 4 23 5 11 30 26 32 65 15 80 77 18 113 116 120 422 377
1 7 10 17 3 9 12 108 146 31 2 22 13 44 315 174 148 204 76 33
1 7 10 2 23 4 9 6 25 17 31 19 33 76 11 30 41 8 132 13
1 7 2 10 9 4 11 17 31 3 13 6 36 19 30 50 156 46 77 18
1 7 10 2 4 11 9 23 30 19 32 46 104 31 24 5 127 115 77 198
1 7 2 10 23 4 26 11 77 105 17 5 6 15 113 8 66 161 35 120
1 7 10 2 4 23 11 9 30 32 17 104 26 60 3 16 97 18 6 8
1 7 2 4 11 6 23 77 5 15 8 65 66 35 113 80 10 56 30 93
1 7 10 2 17 4 3 22 6 33 8 44 55 37 39 51 207 174 45 64
1 7 10 2 17 33 41 4 49 52 175 200 264 23 496 5 3 15 65 486
1 7 10 2 23 17 33 3 37 12 4 11 5 108 51 30 41 83 180 129
1 7 10 17 2 23 9 3 12 26 108 22 83 5 16 4 146 65 31 88
1 7 10 2 4 9 19 6 25 46 17 33 31 85 37 41 87 52 233 23
1 7 10 2 17 33 4 37 23 5 26 9 19 65 41 46 48 20 51 24
1 7 2 10 4 17 6 33 11 37 8 30 18 23 66 77 161 105 5 113
1 7 10 17 9 19 20 31 76 75 33 132 199 46 306 24 29 41 2 37
1 7 10 17 9 33 37 19 3 67 20 72 194 73 51 2 102 75 23 262
1 7 10 2 17 9 23 4 31 5 19 46 3 22 20 44 48 39 162 141
1 7 10 17 33 37 9 3 19 46 31 2 67 13 102 22 44 76 211 453
1 7 10 17 9 2 3 4 33 12 19 41 11 49 37 51 83 52 67 102
1 7 10 9 2 31 4 23 11 77 30 76 135 5 18 158 19 132 199 65
1 7 10 17 2 4 6 33 8 9 66 55 58 25 31 96 76 3 161 27
1 7 10 9 17 3 19 12 83 20 22 31 76 135 44 75 33 174 2 204
1 7 10 2 23 5 15 35 4 56 38 11 59 84 17 62 109 63 33 65
1 7 2 10 23 9 4 26 6 11 25 30 31 8 18 55 27 19 61 13
1 7 10 9 19 46 20 48 201 2 4 21 316 23 11 499 79 31 90 17
1 7 2 23 5 65 15 80 93 35 234 53 495 56 107 86 110 89 38 28
1 7 10 9 19 20 21 2 79 90 134 23 75 307 149 26 46 5 215 245
1 7 10 2 4 17 33 37 9 6 67 23 11 25 19 8 27 31 46 41
1 7 10 17 9 2 31 4 19 13 6 3 50 76 126 132 142 188 236 22
1 7 10 17 9 31 33 19 46 3 2 4 41 12 52 48 49 175 108 11
1 7 10 9 19 46 20 21 79 48 134 162 90 75 149 256 2 368 17 192
1 7 10 9 17 31 19 33 46 76 41 13 3 50 2 24 49 23 135 57
1 7 2 10 4 11 9 6 30 18 8 77 153 155 25 125 154 19 23 46
1 7 2 4 6 10 25 17 9 19 3 8 23 22 26 16 46 85 20 31
1 7 2 10 9 17 3 23 31 12 19 83 22 180 5 379 358 26 129 440
1 7 10 2 17 23 3 9 12 26 19 83 60 31 129 324 33 22 41 39
1 7 10 17 9 19 20 3 2 4 6 21 79 23 5 22 31 134 46 76
1 7 2 23 4 11 30 32 10 77 18 153 9 113 120 115 6 17 125 121
1 7 10 17 3 22 12 44 9 19 33 37 31 13 2 83 23 67 4 102
1 7 10 17 9 3 2 19 4 11 30 22 77 39 141 6 113 8 55 116
1 7 10 9 2 4 17 19 11 31 33 13 20 36 3 30 50 76 40 75
1 7 10 17 33 2 37 23 9 19 26 5 20 46 67 21 60 72 15 3
1 7 2 23 5 4 11 15 6 8 10 66 26 9 31 77 58 193 113 105
1 7 10 9 19 46 48 162 2 205 17 212 498 3 201 31 192 509 13 76
1 7 10 9 17 33 2 41 37 67 3 31 76 72 49 52 175 73 4 11
1 7 10 2 17 3 12 9 23 5 4 108 31 76 137 26 22 146 13 19
1 7 10 17 33 41 9 2 37 23 4 67 6 8 55 19 207 20 46 24
1 7 10 2 17 23 9 26 33 16 31 5 41 37 19 88 165 20 49 47
1 7 10 2 9 31 13 50 36 103 17 19 420 156 384 225 20 502 504 33
1 7 2 10 4 9 11 30 77 17 33 3 22 41 52 37 67 72 51 102
1 7 2 23 5 26 16 47 81 15 88 230 35 4 298 165 6 8 70 66
1 7 2 10 17 23 3 22 44 26 5 4 39 148 174 183 314 65 16 436
1 7 2 23 26 10 16 47 4 17 6 11 60 70 77 25 27 117 85 97
1 7 10 2 9 17 31 4 19 20 23 11 21 6 8 90 75 14 215 518
1 7 10 9 19 31 46 48 13 2 17 201 33 380 4 20 6 24 41 52
1 7 10 17 3 22 12 2 23 26 33 41 16 52 108 233 47 83 129 374
1 7 10 2 23 9 26 60 17 54 31 169 272 123 340 13 19 367 511 513
1 7 2 4 11 30 18 23 32 115 363 104 332 125 153 26 344 77 155 136
1 7 10 2 4 23 17 26 5 16 9 33 15 88 19 165 60 3 47 22
1 7 10 9 31 76 17 2 3 33 4 23 37 22 67 6 26 12 5 135
1 7 10 2 23 4 11 6 5 65 26 9 8 19 31 16 20 80 42 82
1 7 2 10 9 19 17 23 20 4 3 5 11 30 65 18 125 26 136 46
1 7 2 4 11 77 113 120 105 138 276 121 469 493 116 381 501 6 25 27
1 7 10 2 4 23 17 6 8 11 3 77 9 5 66 55 161 65 26 113
1 7 2 23 5 26 16 60 65 47 80 97 54 15 124 42 4 35 81 252
1 7 10 9 31 17 13 50 33 126 41 19 257 497 52 175 3 156 512 490
1 7 2 10 23 9 4 19 31 26 6 60 13 8 25 11 36 40 27 224
1 7 2 23 4 10 26 6 60 54 9 123 8 66 169 25 161 27 55 97
1 7 10 2 9 23 26 5 65 16 31 47 42 80 13 17 3 4 36 76
