499
43 58
1 6
5 6
3 6
57 66
161 385
60 350
137 263
32 72
10 18
2 61
41 268
163 234
1 9
25 31
25 212
3 13
22 152
1 18
364 425
42 77
4 6
2 6
11 34
8 184
14 46
6 7
51 80
6 8
9 17
81 311
16 55
9 26
35 89
47 79
9 27
87 187
14 151
15 26
4 11
15 37
63 69
15 41
5 21
26 297
20 33
308 311
127 209
7 12
21 433
1 38
1 72
55 67
2 44
22 50
159 441
2 45
65 75
13 23
176 205
14 17
80 281
13 29
109 169
25 45
23 36
7 122
28 36
44 47
3 55
301 479
46 134
47 77
2 58
57 69
43 50
40 46
20 44
5 125
17 19
73 469
356 358
1 69
126 359
14 62
92 473
57 455
104 239
30 50
33 71
1 65
224 232
38 118
32 39
111 181
44 52
359 404
132 285
46 48
133 360
47 60
94 275
47 84
13 320
10 35
48 86
245 249
18 24
18 49
19 236
38 51
10 54
35 82
108 129
35 97
480 495
51 56
56 193
20 68
51 85
34 182
56 88
165 387
17 53
208 491
24 94
171 477
53 73
38 59
65 81
278 438
65 99
223 237
27 130
65 102
49 211
80 100
13 64
9 217
170 175
16 83
3 295
133 241
16 101
161 180
29 74
3 113
59 282
259 276
9 110
40 196
26 76
254 371
103 110
162 244
45 87
18 70
58 91
68 105
92 138
95 105
1 117
72 78
44 104
52 106
20 225
98 106
10 111
54 109
27 92
386 397
37 114
49 107
49 115
238 243
68 121
408 445
61 90
61 93
4 204
2 116
2 119
123 408
269 286
24 127
17 96
20 162
43 140
19 126
126 129
23 364
123 129
114 192
38 128
6 252
89 167
19 150
36 488
33 135
71 120
124 135
21 131
27 112
4 132
83 429
115 435
16 415
94 240
40 163
187 306
134 157
140 490
136 157
3 159
144 159
31 133
133 160
113 229
107 141
204 462
45 165
70 164
166 501
218 220
203 217
82 142
312 316
210 292
36 137
28 154
4 328
167 179
45 291
43 146
275 384
80 145
100 155
100 168
321 346
14 166
151 173
118 368
223 232
143 184
5 294
131 153
11 178
90 202
139 156
34 180
158 180
22 147
64 280
22 149
62 223
147 172
69 489
125 199
26 139
76 170
213 228
31 226
4 176
76 174
58 337
165 177
177 189
240 424
75 148
87 309
90 200
178 186
186 191
186 198
83 254
11 215
158 188
7 398
23 329
59 341
158 190
10 197
311 401
173 195
29 345
56 216
299 500
88 201
393 397
9 214
115 467
185 214
203 222
240 442
300 301
18 171
199 373
113 183
261 497
60 218
108 206
150 208
127 210
242 256
209 227
2 194
52 213
138 322
95 219
162 238
225 246
74 298
221 246
140 251
62 231
55 207
86 395
99 233
73 253
113 230
112 270
37 247
109 250
135 458
25 235
212 249
101 377
160 242
25 419
6 248
6 255
23 264
248 258
255 257
258 259
324 471
67 265
265 266
1 262
73 472
36 261
260 264
51 267
187 302
13 332
287 294
132 274
269 274
323 350
271 274
110 278
41 289
183 273
85 288
24 326
272 282
9 494
127 277
127 279
279 296
296 315
296 319
114 304
12 283
183 310
290 341
26 307
307 317
307 318
142 403
92 407
175 299
53 324
53 325
53 335
253 293
120 339
17 300
424 443
96 312
239 478
96 331
254 380
273 327
305 329
501 510
220 313
15 336
333 336
29 334
298 303
21 347
218 314
64 439
354 367
106 340
98 330
4 344
86 417
205 348
138 321
75 411
321 349
17 342
71 363
300 351
5 353
52 338
91 355
66 354
148 372
116 284
284 378
200 352
54 357
355 370
297 358
297 362
225 421
44 365
343 358
362 374
74 375
361 453
161 382
275 388
75 410
361 410
148 452
24 418
68 390
280 376
113 366
320 391
267 396
126 369
324 381
369 414
235 493
82 397
378 434
16 423
16 426
67 394
389 443
458 522
109 463
76 446
15 460
20 383
309 431
12 379
458 511
260 402
402 406
33 430
48 432
54 400
107 405
207 436
139 427
156 392
46 399
283 448
124 454
131 409
18 412
18 413
70 450
38 416
416 422
148 449
372 420
419 457
61 428
104 465
237 437
125 440
75 447
115 466
110 444
57 464
73 475
153 484
398 470
11 456
36 476
82 451
185 498
474 476
166 468
116 483
146 482
301 485
36 495
495 502
231 487
430 461
117 486
1 6 9 17 2 3 26 4 15 37 5 18 7 11 34 21 12 8 27 41
1 6 2 3 9 13 4 17 18 26 44 45 23 38 36 29 10 27 28 25
1 6 2 3 13 4 55 9 17 44 45 11 16 25 23 5 14 18 31 7
1 6 9 2 44 20 45 58 43 61 17 14 50 46 33 71 19 62 22 30
1 6 9 17 18 26 38 65 2 69 72 32 10 3 44 4 57 75 63 39
1 6 2 9 3 44 20 17 18 47 38 60 77 79 10 84 35 42 52 45
1 6 9 17 14 18 46 26 40 62 38 48 65 10 86 69 27 72 57 66
1 6 9 18 38 10 35 54 51 82 56 2 24 80 89 97 85 3 88 49
1 6 9 17 18 26 14 15 10 24 37 19 53 27 73 94 49 38 35 51
1 6 2 9 18 38 51 65 75 81 44 45 59 56 80 25 100 99 69 102
1 6 9 2 3 4 13 55 23 16 17 36 14 67 83 29 101 74 64 11
1 6 2 44 3 9 13 20 55 33 47 17 23 4 11 18 16 67 34 113
1 6 2 9 44 20 18 17 26 10 45 3 13 24 35 47 15 25 27 52
1 6 9 17 18 26 15 27 110 14 46 76 10 40 24 103 48 35 62 2
1 6 2 9 44 45 18 25 20 17 10 38 31 87 58 3 26 33 68 4
1 6 9 18 10 2 24 44 38 3 49 17 20 35 45 70 58 65 43 26
1 6 2 9 44 45 58 43 20 17 33 68 25 3 105 4 61 11 91 95
1 6 9 18 38 65 10 24 49 69 75 2 3 72 117 51 59 35 32 78
1 6 2 3 9 17 26 13 44 20 14 47 60 46 52 45 106 104 27 98
1 6 9 18 38 65 10 35 54 69 24 2 109 51 111 57 3 4 44 13
1 6 2 9 17 26 15 3 18 27 10 37 35 41 24 38 54 114 92 110
1 6 2 3 9 18 10 4 24 44 49 35 5 20 107 70 115 33 47 11
1 6 9 17 26 2 44 20 33 45 68 18 105 27 14 15 92 71 19 121
1 6 9 2 17 44 45 14 26 18 38 58 61 90 93 27 46 62 15 40
1 6 2 3 44 45 4 58 25 13 9 55 17 61 18 116 14 119 26 19
1 6 2 3 9 18 4 5 44 45 25 20 31 10 17 21 35 38 14 13
1 6 9 18 38 17 2 10 51 24 3 44 26 59 13 118 27 94 127 49
1 6 9 2 17 14 19 3 126 129 26 53 13 46 108 96 44 45 23 123
1 6 9 17 18 38 51 59 26 14 10 15 118 76 2 3 46 128 65 35
1 6 9 2 44 18 10 45 35 38 24 17 51 58 54 26 14 111 109 46
1 6 9 17 18 2 44 14 38 20 10 19 33 26 51 65 3 24 49 70
1 6 9 2 18 10 17 24 3 49 14 19 38 26 126 13 27 150 55 113
1 6 9 2 44 20 18 33 45 38 65 71 135 124 51 120 25 31 69 75
1 6 9 18 38 17 2 26 51 3 14 13 55 10 24 49 19 15 76 94
1 6 2 3 9 17 18 38 26 51 4 10 27 5 110 11 44 103 13 7
1 6 2 3 4 44 5 13 21 7 20 9 55 45 12 125 11 47 17 122
1 6 2 9 44 17 45 3 20 4 33 47 5 71 60 21 14 77 131 19
1 6 9 2 3 18 44 17 45 20 47 33 71 52 4 25 26 15 60 106
1 6 9 17 14 26 27 92 2 44 18 19 53 112 45 130 110 15 138 25
1 6 2 9 44 3 4 18 11 45 20 5 132 33 68 13 105 55 58 17
1 6 9 17 14 2 19 44 45 25 87 3 46 58 26 61 20 53 126 40
1 6 9 17 14 2 46 19 40 3 48 134 86 62 26 18 157 163 136 4
1 6 2 3 9 18 38 17 14 10 4 11 24 49 51 107 132 44 5 7
1 6 9 18 2 38 44 51 65 59 20 3 56 47 88 33 118 52 68 105
1 6 9 2 3 13 18 10 55 35 24 49 16 83 82 67 113 159 144 54
1 6 2 3 4 44 13 45 20 47 33 25 55 31 23 9 133 160 68 105
1 6 9 17 18 10 24 26 2 27 3 15 92 14 13 112 35 76 82 110
1 6 2 9 44 18 38 10 24 45 49 35 107 3 70 82 164 141 94 142
1 6 9 17 18 2 3 38 13 10 14 44 35 54 20 23 4 47 46 55
1 6 2 9 44 45 18 17 3 10 4 5 38 24 35 49 107 70 51 82
1 6 2 3 13 44 23 9 4 20 36 18 38 11 65 5 28 137 154 34
1 6 2 3 44 9 13 18 23 10 36 55 20 45 28 38 33 71 24 137
1 6 9 17 18 10 38 35 65 24 54 82 111 89 14 26 167 179 49 2
1 6 9 18 38 51 65 10 2 69 72 117 44 59 17 118 128 3 20 47
1 6 9 2 44 45 58 25 20 61 43 50 3 17 33 91 47 4 140 146
1 6 9 18 38 2 65 51 17 75 56 80 100 145 81 26 155 168 44 15
1 6 9 2 17 3 26 14 44 46 62 19 40 151 13 27 166 23 173 36
1 6 2 44 45 9 58 43 50 18 38 61 90 17 65 75 91 69 72 20
1 6 2 3 4 44 45 5 9 7 25 8 21 184 18 17 131 14 153 143
1 6 2 44 20 3 47 13 23 4 11 132 34 180 60 45 158 161 178 182
1 6 2 44 45 25 58 61 9 43 50 22 147 172 18 20 149 38 152 17
1 6 9 17 14 19 18 53 10 24 26 2 35 82 15 54 37 27 89 41
1 6 2 44 9 20 18 3 10 33 38 47 68 65 35 71 162 52 45 51
1 6 9 2 17 14 26 15 19 27 18 126 92 37 114 110 38 3 192 53
1 6 9 18 2 17 3 14 10 19 35 24 82 44 20 47 46 142 62 26
1 6 2 3 9 17 26 15 4 76 37 170 139 13 156 175 55 114 174 113
1 6 2 9 3 4 11 13 18 17 44 26 45 20 58 34 10 24 15 23
1 6 2 44 45 58 3 25 43 9 31 87 20 165 17 177 26 14 189 46
1 6 2 9 18 38 17 65 14 10 75 148 69 57 19 46 3 62 24 94
1 6 9 17 18 10 14 2 35 26 24 54 15 44 3 20 111 181 33 71
1 6 2 3 13 44 9 18 55 38 10 16 23 65 20 51 24 36 75 17
1 6 2 44 20 45 9 17 58 61 43 90 18 33 14 91 200 3 202 47
1 6 2 3 44 13 9 4 5 45 18 55 23 11 25 36 31 17 28 34
1 6 9 17 18 14 2 38 19 51 26 3 4 65 46 59 13 69 11 40
1 6 9 18 38 65 51 56 10 80 35 69 54 88 57 109 193 169 59 63
1 6 2 3 4 44 11 9 34 132 5 13 178 176 186 17 20 191 198 33
1 6 9 17 26 2 18 27 3 10 15 76 4 14 92 35 11 24 49 54
1 6 2 9 18 17 3 4 14 11 44 34 178 38 180 158 186 188 215 190
1 6 9 18 17 38 2 10 3 4 44 26 20 33 11 35 47 13 14 51
1 6 2 9 3 18 10 35 38 54 82 13 89 111 24 51 49 70 4 197
1 6 9 17 14 46 62 40 151 2 163 3 196 13 26 27 55 23 173 195
1 6 9 17 2 14 44 45 20 19 47 25 60 77 26 31 53 15 52 37
1 6 2 9 17 26 14 27 44 15 19 45 3 126 37 46 4 11 34 20
1 6 9 2 18 3 17 10 26 13 38 27 110 35 65 75 24 23 36 92
1 6 9 18 17 38 65 69 14 46 10 51 62 56 40 19 48 53 151 57
1 6 2 9 17 44 3 26 20 4 18 5 14 33 15 68 46 71 13 62
1 6 9 2 18 44 17 3 4 5 11 45 25 38 21 20 125 131 31 199
1 6 9 18 38 51 56 10 88 65 59 193 118 17 75 216 35 201 81 69
1 6 9 17 26 15 27 110 18 92 214 38 65 217 10 69 185 203 222 112
1 6 9 2 18 10 24 35 44 54 20 49 109 70 33 171 45 107 115 211
1 6 2 3 13 23 4 9 17 11 14 132 176 19 205 18 204 53 38 51
1 6 2 44 45 9 18 17 58 25 61 87 14 38 3 46 20 116 10 40
1 6 9 18 38 17 2 3 14 10 44 45 4 24 49 107 115 20 19 141
1 6 2 3 9 44 13 17 4 26 55 14 45 18 25 113 16 87 83 183
1 6 2 44 45 20 47 60 3 58 218 4 9 220 11 61 132 116 176 17
1 6 9 2 17 14 19 46 44 26 3 15 40 27 92 48 126 112 150 37
1 6 9 18 17 2 14 38 46 19 51 126 44 129 40 108 150 45 208 206
1 6 2 9 18 10 24 94 127 209 17 35 210 44 54 38 227 3 65 109
1 6 2 3 44 13 45 58 4 5 9 61 17 7 20 116 119 47 55 194
1 6 9 2 3 44 45 25 31 212 133 87 18 226 13 23 160 55 36 10
1 6 9 17 14 46 26 18 62 223 232 237 40 15 10 19 151 224 37 166
1 6 2 44 45 9 18 17 3 20 58 43 47 13 50 140 25 91 14 38
1 6 2 44 9 18 10 38 20 33 45 25 58 68 105 43 51 56 80 3
1 6 9 2 3 13 23 29 17 26 4 15 18 36 5 11 64 34 37 178
1 6 2 44 20 3 33 68 47 9 105 13 52 106 213 95 228 219 23 45
1 6 9 18 38 65 69 2 72 17 117 32 26 57 10 44 45 14 78 27
1 6 2 9 17 44 45 14 25 20 58 3 43 18 13 10 47 26 87 4
1 6 9 17 14 46 26 2 18 38 15 65 19 126 3 13 23 51 69 72
1 6 2 44 20 33 68 162 3 4 11 9 238 225 244 17 13 246 14 221
1 6 2 44 3 45 25 58 43 4 9 50 22 87 187 140 251 5 18 38
1 6 2 3 9 13 17 4 18 23 38 65 36 75 51 26 15 14 76 55
1 6 9 17 26 27 92 110 2 3 44 214 13 185 103 45 18 20 55 10
1 6 2 9 17 14 26 44 46 15 37 40 3 20 33 48 86 68 41 45
1 6 2 9 3 13 44 45 18 55 17 26 15 113 58 61 20 43 159 47
1 6 9 2 17 26 44 45 15 37 18 25 31 114 87 212 14 133 27 38
1 6 9 17 14 46 19 62 53 18 126 223 151 166 150 2 96 173 231 26
1 6 2 9 17 26 27 15 3 18 4 13 11 44 20 5 38 51 45 34
1 6 2 9 18 17 38 26 15 10 3 51 24 94 65 13 55 14 35 76
1 6 9 2 17 26 27 44 110 3 4 5 7 92 18 15 138 11 132 103
1 6 9 2 44 3 17 18 13 45 58 26 20 25 15 10 43 50 87 55
1 6 2 3 9 13 18 17 55 23 29 4 14 19 38 113 11 16 51 132
1 6 2 3 9 4 17 26 15 76 5 44 37 21 45 7 18 27 58 131
1 6 2 3 9 18 38 4 5 10 7 11 12 13 55 21 51 113 125 16
1 6 2 3 4 9 18 38 44 51 5 59 21 13 65 17 56 7 14 88
1 6 2 9 3 17 13 55 14 23 44 20 113 16 83 159 26 19 33 68
1 6 9 2 3 13 4 55 113 17 11 16 183 83 67 229 254 207 34 44
1 6 2 44 3 9 20 17 13 18 23 47 10 26 33 68 105 14 4 36
1 6 2 9 18 38 3 4 44 65 75 11 81 20 99 10 5 233 35 47
1 6 2 44 20 45 9 25 47 3 4 33 13 52 31 71 104 239 5 87
1 6 9 17 14 19 126 150 53 129 26 46 2 96 73 253 27 236 44 3
1 6 2 44 3 9 17 20 13 33 68 162 14 26 46 238 55 19 15 243
1 6 9 2 3 17 13 55 18 23 113 26 15 38 36 27 29 16 76 51
1 6 9 17 26 15 14 46 62 18 37 38 114 2 41 10 40 223 51 24
1 6 2 44 9 45 18 20 33 38 17 68 105 25 95 26 51 87 10 187
1 6 2 3 44 9 13 55 113 20 183 45 159 47 229 17 230 144 60 52
1 6 2 9 18 3 4 13 44 5 45 10 24 55 11 113 17 25 159 132
1 6 9 2 44 45 17 18 3 38 13 20 51 26 65 23 27 69 29 15
1 6 9 18 17 26 14 15 76 19 126 150 236 27 38 129 108 10 37 92
1 6 9 2 44 18 10 38 20 35 33 82 51 71 142 3 68 135 105 65
1 6 2 9 17 44 14 46 40 26 15 62 48 163 3 37 13 134 234 76
1 6 9 2 17 18 26 38 10 27 3 92 65 24 112 14 15 270 44 49
1 6 9 17 14 46 62 2 18 38 10 65 40 19 26 126 150 3 208 27
1 6 9 17 2 3 13 18 4 10 26 11 55 16 67 35 34 83 132 5
1 6 9 17 26 18 10 38 15 37 14 27 114 65 41 35 247 2 75 51
1 6 9 18 38 10 24 94 65 2 35 69 82 89 3 167 72 54 117 51
1 6 2 9 18 3 10 35 82 54 24 109 38 44 51 13 4 89 169 250
1 6 9 18 2 10 44 45 17 3 20 14 46 38 25 35 26 13 33 47
1 6 2 44 45 25 31 212 249 58 9 245 235 3 20 133 160 61 242 256
1 6 9 17 2 26 3 44 20 18 10 45 25 4 13 27 33 47 35 14
1 6 2 44 45 58 9 18 17 26 38 10 3 14 61 20 46 43 13 23
1 6 2 3 44 9 45 18 25 4 31 87 20 33 133 10 58 165 160 241
1 6 9 18 10 35 82 24 89 49 94 107 142 17 240 54 141 14 2 44
1 6 2 3 9 18 38 65 69 72 17 51 4 44 5 75 21 117 13 131
1 6 9 17 18 14 26 38 10 51 15 35 76 27 82 56 2 110 170 65
1 6 2 3 9 4 18 5 11 7 8 248 252 255 258 259 276 257 12 44
1 6 2 44 45 3 25 58 4 13 23 9 61 11 31 34 20 90 33 36
1 6 2 44 20 3 13 45 55 16 58 67 265 266 61 25 4 113 11 34
1 6 9 18 10 24 17 49 2 35 107 70 54 3 109 26 4 164 171 115
1 6 9 18 38 65 51 69 10 72 32 78 117 2 56 24 39 59 262 49
1 6 9 18 38 10 24 35 94 49 82 89 70 107 51 127 171 167 115 56
1 6 2 44 45 58 20 47 9 18 60 77 17 38 3 42 43 218 91 79
1 6 2 3 13 44 23 36 264 55 29 260 28 16 137 67 207 263 261 9
1 6 9 2 3 13 4 11 132 18 176 23 44 204 17 5 14 55 7 46
1 6 9 2 17 3 44 14 13 45 25 55 58 4 113 5 23 87 26 46
1 6 2 9 18 38 51 10 3 24 44 17 35 13 94 14 82 65 142 49
1 6 9 18 10 2 44 45 17 3 14 58 25 13 24 94 23 49 61 90
1 6 2 3 9 17 18 44 14 45 4 58 10 11 24 13 25 5 7 19
1 6 2 3 9 4 13 5 17 44 21 20 14 7 55 131 45 12 58 11
1 6 2 3 44 13 9 23 55 16 29 20 47 17 45 25 33 83 113 183
1 6 9 18 38 10 51 17 14 46 56 80 35 59 85 82 54 24 267 282
1 6 9 18 17 10 14 26 2 24 49 27 92 70 107 110 19 214 53 103
1 6 2 3 44 45 9 18 4 17 26 5 20 33 47 38 11 71 51 59
1 6 9 18 2 3 44 45 38 10 35 25 24 4 20 5 17 13 33 71
1 6 2 9 44 17 18 14 10 24 38 20 35 82 3 65 45 58 94 142
1 6 9 2 44 18 17 26 14 10 24 94 45 46 27 38 3 15 49 4
1 6 2 44 45 20 3 25 13 23 87 9 33 18 10 58 187 302 35 306
1 6 2 3 44 9 17 18 20 13 38 10 14 26 46 33 19 65 24 27
1 6 2 44 20 3 4 11 13 23 9 18 33 10 34 68 47 35 24 29
1 6 9 2 17 26 44 15 27 3 76 4 37 92 11 41 34 132 176 180
1 6 2 3 13 4 9 17 14 18 11 5 44 7 55 20 132 38 274 65
1 6 9 17 18 14 38 51 65 2 19 59 3 46 44 53 69 96 282 75
1 6 2 44 9 3 4 5 18 20 11 34 132 33 68 105 121 95 274 285
1 6 9 2 44 18 10 20 24 35 45 33 94 68 71 162 120 82 127 225
1 6 9 17 14 2 46 40 19 48 3 86 13 44 55 62 45 151 134 157
1 6 2 44 20 3 4 9 17 5 14 33 21 45 131 68 71 105 58 120
1 6 9 2 18 17 38 3 26 4 14 15 11 65 10 44 13 23 5 46
1 6 9 2 3 44 13 45 55 16 113 23 4 36 29 159 83 17 264 67
1 6 2 3 44 13 20 55 16 47 113 83 9 159 295 183 52 106 213 144
1 6 2 44 45 3 9 17 18 20 14 38 65 4 11 13 33 46 58 69
1 6 2 3 13 55 9 17 23 26 44 15 45 25 36 31 264 113 29 4
1 6 2 44 3 45 4 9 58 11 17 20 132 13 14 274 269 176 286 271
1 6 9 17 26 27 110 103 15 2 44 214 37 217 41 76 114 268 278 289
1 6 9 18 10 38 2 17 65 44 24 26 3 94 51 13 127 240 4 75
1 6 9 18 17 26 2 44 3 20 45 33 68 25 71 14 105 4 120 47
1 6 2 3 13 23 44 36 55 16 29 9 67 64 265 266 74 113 280 298
1 6 2 3 13 55 113 4 23 183 9 5 229 17 44 45 14 159 25 273
1 6 9 18 38 51 56 59 17 80 100 2 145 85 288 282 272 155 281 267
1 6 2 44 9 17 3 20 18 45 58 25 31 47 14 43 91 52 106 10
1 6 9 17 18 26 15 37 2 38 10 114 35 14 76 51 192 27 19 56
1 6 9 2 18 44 17 45 10 26 35 58 14 19 43 20 61 46 116 90
1 6 2 9 44 3 45 13 55 4 23 17 5 7 21 8 125 294 58 20
1 6 9 17 2 3 18 14 4 5 13 21 26 7 12 46 125 11 294 44
1 6 9 17 14 26 15 19 18 46 37 10 27 40 92 110 76 2 41 44
1 6 9 17 2 3 14 44 45 13 23 4 25 36 18 10 38 5 35 29
1 6 2 44 45 20 25 9 87 187 58 31 165 61 90 43 302 309 200 91
1 6 9 17 2 44 45 26 14 25 3 87 27 165 291 46 92 15 31 4
1 6 9 17 2 26 18 10 38 35 51 44 82 142 56 15 76 170 14 46
1 6 9 18 10 24 35 2 44 94 240 38 54 17 127 65 14 51 59 46
1 6 2 9 3 4 17 18 14 44 11 34 46 19 26 180 10 40 178 132
1 6 2 3 13 55 9 113 18 159 16 23 295 29 17 4 14 11 132 36
1 6 2 9 18 3 17 38 13 55 65 16 69 4 57 5 63 83 113 7
1 6 9 2 3 13 44 20 23 29 74 18 45 38 36 4 17 33 65 47
1 6 9 18 10 24 94 49 127 209 210 277 279 240 275 292 296 70 315 319
1 6 2 44 9 3 18 20 33 10 24 17 68 45 162 238 13 25 94 225
1 6 2 9 17 26 3 15 37 114 4 27 92 192 13 14 304 11 19 23
1 6 9 18 17 14 19 10 24 46 35 49 26 94 127 62 126 53 82 27
1 6 2 44 9 20 45 25 18 38 3 87 33 4 13 5 55 10 16 24
1 6 2 44 3 4 5 20 21 11 125 9 13 45 131 58 294 18 287 10
1 6 9 17 18 2 44 38 20 3 26 45 65 13 58 4 15 75 81 37
1 6 9 18 2 38 51 17 14 10 3 46 35 44 19 53 65 24 54 75
1 6 9 2 17 3 4 5 18 7 12 10 8 21 26 35 14 44 38 283
1 6 9 2 44 17 45 3 25 58 26 43 14 4 15 19 20 27 5 33
1 6 2 3 13 55 23 36 28 29 113 64 183 273 310 137 16 74 44 4
1 6 9 2 3 17 14 46 4 44 11 34 13 55 178 40 163 5 62 45
1 6 2 9 3 44 20 47 18 38 10 65 69 52 57 4 60 66 75 218
1 6 9 18 38 65 51 69 75 81 2 59 44 282 3 341 99 17 102 290
1 6 2 3 13 23 29 74 64 55 16 9 113 18 38 17 67 65 280 75
1 6 2 3 13 55 16 23 9 4 44 5 7 17 12 8 18 45 113 29
1 6 2 44 9 18 45 17 20 38 51 10 24 94 127 26 59 27 110 326
1 6 2 9 3 17 18 10 26 14 27 44 19 35 53 54 73 96 46 40
1 6 9 17 26 15 76 139 2 297 18 37 44 170 307 45 317 175 299 318
1 6 2 44 9 18 45 10 24 58 94 49 107 115 141 43 70 17 38 51
1 6 9 18 10 35 17 14 19 24 38 53 73 49 324 253 293 325 94 335
1 6 2 3 9 13 4 5 7 44 11 17 45 18 25 55 87 16 26 8
1 6 9 18 17 2 10 14 24 35 19 54 53 49 82 89 46 70 62 107
1 6 2 3 44 45 9 17 4 26 5 25 15 37 76 11 114 58 34 139
1 6 9 17 2 44 14 20 18 3 10 24 49 33 46 35 71 26 120 68
1 6 2 9 3 13 18 23 38 55 10 16 67 36 35 4 17 265 28 83
1 6 9 18 17 38 14 2 26 15 27 44 10 76 65 20 45 51 139 35
1 6 2 9 44 18 20 10 33 45 71 17 35 82 142 120 3 339 58 135
1 6 2 3 4 13 44 45 20 25 9 18 10 17 5 55 11 7 16 58
1 6 2 3 44 4 20 9 11 17 18 13 132 33 55 14 34 68 23 38
1 6 9 2 18 3 13 44 45 55 113 20 183 16 38 83 58 229 23 273
1 6 9 18 38 51 17 14 26 2 65 15 69 72 56 3 37 114 192 247
1 6 2 44 3 4 20 13 47 33 55 45 11 132 25 68 113 176 183 274
1 6 2 9 3 18 10 4 44 20 38 65 11 34 33 5 35 17 69 51
1 6 2 9 3 13 18 10 23 36 55 113 38 24 49 94 240 44 159 16
1 6 9 2 3 17 14 19 18 53 26 13 46 40 10 48 163 44 73 35
1 6 9 17 14 19 53 26 96 312 331 18 27 15 92 73 300 316 138 301
1 6 9 2 18 38 10 44 65 24 45 20 3 33 58 49 61 70 68 51
1 6 2 3 13 44 20 4 9 47 52 33 55 45 58 17 25 18 113 5
1 6 2 9 3 18 17 14 38 46 19 40 126 51 10 13 55 53 65 69
1 6 2 3 4 44 20 33 47 71 68 105 120 135 45 11 132 9 339 25
1 6 2 3 9 44 18 17 14 19 20 10 26 27 33 24 35 49 126 47
1 6 2 9 3 4 17 26 15 37 44 13 114 55 27 16 18 92 110 83
1 6 2 3 13 55 44 113 159 20 183 9 18 17 47 45 4 273 327 26
1 6 2 3 44 13 20 9 4 55 17 33 16 71 113 120 18 67 5 135
1 6 2 44 3 4 13 23 11 5 21 34 132 176 29 74 298 64 320 178
1 6 9 2 3 17 13 23 14 4 11 18 10 34 5 132 29 24 180 176
1 6 9 17 2 44 3 14 26 19 53 126 18 20 46 129 96 4 15 73
1 6 9 18 17 10 14 2 46 3 40 24 38 51 59 48 26 163 13 86
1 6 2 3 13 44 45 23 25 58 9 18 36 28 38 4 264 329 305 11
1 6 2 3 13 55 113 23 29 16 36 9 264 64 320 332 17 260 67 44
1 6 2 44 20 47 60 218 45 25 3 220 87 58 77 43 13 31 313 91
1 6 9 18 10 35 24 38 51 56 17 82 88 94 54 80 201 142 193 216
1 6 2 44 3 45 4 13 58 11 5 20 7 55 113 16 8 67 9 43
1 6 2 3 13 23 55 44 45 29 64 58 43 16 36 50 4 83 61 320
1 6 9 2 44 17 26 18 45 20 33 10 47 35 60 15 3 218 54 37
1 6 2 9 17 18 26 10 38 14 15 3 24 65 76 27 35 19 69 94
1 6 2 44 45 58 25 31 9 20 47 133 3 87 60 13 212 249 226 43
1 6 2 44 9 20 45 25 17 87 18 33 3 71 187 14 302 135 31 68
1 6 2 44 45 20 3 13 9 55 4 23 47 58 18 38 25 113 33 17
1 6 9 17 18 26 27 10 24 49 15 37 38 41 35 92 336 333 65 54
1 6 2 44 3 9 17 14 46 19 40 62 26 126 163 196 45 151 20 129
1 6 9 18 2 38 51 17 44 10 3 4 20 65 35 13 47 26 59 11
1 6 9 2 3 4 13 5 21 18 10 125 24 44 7 199 94 8 55 38
1 6 2 9 3 18 17 44 4 38 20 14 51 5 7 56 80 59 21 45
1 6 9 2 17 18 38 51 44 45 14 19 59 46 40 126 62 20 129 48
1 6 9 17 2 3 44 45 20 58 47 25 18 13 10 26 31 61 14 46
1 6 9 17 18 14 2 46 62 40 3 26 4 44 45 38 48 65 134 69
1 6 9 18 2 44 3 4 10 20 24 13 45 11 17 5 38 55 65 132
1 6 2 44 45 3 13 55 23 29 16 74 298 303 4 36 113 334 345 58
1 6 9 17 2 14 19 126 44 150 18 129 45 236 108 38 3 65 75 53
1 6 2 3 4 9 44 13 17 55 16 45 5 83 11 23 25 18 87 31
1 6 9 17 26 2 14 19 15 27 46 92 37 41 76 62 3 268 151 114
1 6 2 44 3 20 33 68 47 4 13 45 9 60 25 52 55 71 106 120
1 6 2 9 18 17 10 26 35 15 3 27 37 44 82 114 142 92 192 38
1 6 9 18 38 17 26 2 51 10 24 44 65 45 15 94 59 49 27 14
1 6 2 3 13 4 44 5 7 23 55 21 125 131 16 12 199 83 45 25
1 6 2 9 18 3 38 10 44 51 20 24 33 94 49 47 70 71 52 127
1 6 9 2 18 10 44 20 45 17 38 47 35 14 82 65 25 89 33 26
1 6 9 18 17 14 38 2 65 75 44 26 81 311 45 15 46 62 223 308
1 6 9 2 17 26 3 15 27 76 44 20 37 41 4 5 7 47 336 110
1 6 2 3 4 9 17 18 11 10 38 51 65 132 35 5 44 59 56 20
1 6 9 18 2 10 38 24 3 44 65 17 4 75 51 148 5 35 49 82
1 6 2 9 17 3 14 46 18 13 26 62 15 19 4 27 11 92 37 38
1 6 9 17 2 18 3 26 10 14 46 24 44 13 45 62 94 19 20 223
1 6 9 2 18 3 10 17 13 14 38 23 35 51 46 62 223 232 55 56
1 6 2 44 45 20 25 87 3 9 58 4 33 165 17 18 5 21 131 347
1 6 9 18 17 2 14 44 26 3 20 33 19 10 4 5 24 11 13 55
1 6 9 17 2 26 3 27 92 44 14 18 10 4 112 38 13 23 55 24
1 6 2 9 17 26 15 3 37 13 23 36 76 28 29 44 14 19 126 18
1 6 2 9 18 44 3 4 13 45 11 58 43 55 38 10 5 61 7 23
1 6 9 18 2 17 3 10 38 65 51 69 59 24 72 118 57 75 81 13
1 6 2 44 20 47 60 52 3 218 106 213 220 98 340 13 330 33 314 68
1 6 9 18 17 2 3 10 13 38 35 4 23 54 44 109 26 27 82 142
1 6 2 3 44 4 13 11 132 176 9 204 205 45 58 348 328 20 43 344
1 6 9 18 17 26 27 92 38 110 138 321 214 346 65 322 51 349 103 75
1 6 9 2 17 26 18 10 44 24 49 45 27 92 35 20 47 3 60 138
1 6 9 17 18 38 26 65 27 14 92 69 2 3 19 15 4 112 13 110
1 6 9 17 2 14 19 53 96 300 342 73 44 3 301 126 129 26 351 150
1 6 2 9 3 17 26 13 18 27 10 15 14 92 24 37 55 19 114 23
1 6 9 17 26 15 2 44 27 3 45 58 37 14 41 25 76 43 20 114
1 6 2 9 17 44 18 10 38 14 45 3 19 13 23 126 20 51 56 36
1 6 9 18 17 26 15 10 24 14 94 37 38 51 76 240 170 46 35 174
1 6 2 3 4 44 20 47 33 11 60 34 5 21 178 125 294 215 131 353
1 6 2 44 45 20 58 33 47 52 68 60 106 213 77 218 338 350 79 323
1 6 9 18 2 44 45 17 58 43 25 91 50 337 38 31 87 20 47 355
1 6 2 3 44 13 4 5 23 45 55 11 21 9 25 18 34 29 180 10
1 6 2 44 20 33 9 17 26 18 3 38 15 37 27 92 45 65 10 71
1 6 2 9 44 3 13 4 55 17 5 11 7 26 15 14 27 23 92 46
1 6 2 44 45 3 13 23 20 47 33 25 55 36 68 29 4 5 16 28
1 6 2 3 13 9 17 23 36 28 29 55 14 137 264 263 16 44 260 18
1 6 9 18 2 10 17 35 82 38 26 15 51 59 54 24 89 118 3 111
1 6 2 9 44 20 45 25 18 31 87 187 133 160 241 165 291 58 360 10
1 6 9 18 2 17 38 14 65 69 57 66 10 51 354 367 3 13 4 55
1 6 9 18 38 2 3 10 65 51 13 23 75 59 56 44 24 55 148 372
1 6 2 3 44 9 45 58 4 13 20 5 61 11 23 47 43 36 116 7
1 6 2 44 45 3 25 58 61 4 87 43 91 116 5 21 187 131 31 13
1 6 9 17 18 10 14 38 35 54 19 65 53 96 75 69 24 148 372 126
1 6 9 2 18 44 20 45 58 61 116 17 284 90 47 14 25 378 200 352
1 6 9 18 10 35 82 17 142 14 54 89 109 97 24 357 19 46 126 40
1 6 2 9 18 44 45 38 10 51 58 17 35 43 54 56 50 14 24 49
1 6 2 44 45 3 25 31 4 5 13 20 9 7 87 33 47 212 52 235
1 6 9 2 3 17 4 14 13 44 20 5 21 125 7 23 199 12 18 122
1 6 2 44 20 3 4 11 5 132 7 12 9 17 13 274 176 34 23 8
1 6 9 17 26 27 15 110 2 14 44 103 92 46 76 112 270 138 407 40
1 6 2 44 20 47 60 33 9 3 45 77 68 162 17 238 225 25 14 26
1 6 9 17 18 14 38 46 51 56 62 80 10 85 40 65 26 267 15 37
1 6 2 44 9 17 26 27 20 92 33 45 25 110 103 47 3 18 138 214
1 6 2 3 9 13 17 26 55 27 113 18 15 37 92 138 23 38 16 114
1 6 9 17 26 27 2 18 15 10 37 3 13 35 76 82 142 54 114 192
1 6 2 44 3 4 45 11 58 34 5 9 25 132 180 17 87 158 31 133
1 6 9 2 44 17 18 3 13 23 55 38 113 36 20 65 10 45 24 47
1 6 2 9 44 45 17 58 43 91 61 14 18 3 116 355 25 370 38 31
1 6 2 3 44 13 20 45 55 47 58 25 9 4 60 11 52 31 43 18
1 6 9 17 14 46 2 18 40 44 45 10 20 19 24 35 26 15 82 142
1 6 9 2 18 10 35 3 13 55 17 24 54 23 29 49 111 16 64 74
1 6 2 9 3 4 5 18 38 13 7 11 23 10 65 12 283 44 75 51
1 6 9 17 26 15 27 76 18 139 14 297 358 362 19 343 307 374 356 53
1 6 9 2 44 45 20 17 47 18 14 58 46 43 38 52 25 26 15 31
1 6 2 44 3 45 4 20 5 13 7 33 8 55 113 12 25 16 71 23
1 6 2 44 20 9 17 3 47 33 18 4 71 5 14 26 52 15 46 10
1 6 2 3 44 45 13 4 11 20 47 25 58 33 5 68 9 132 55 21
1 6 2 44 20 33 47 45 52 9 25 18 68 71 162 58 61 10 60 77
1 6 9 2 17 18 26 15 38 14 19 44 126 45 53 46 25 10 150 37
1 6 9 17 18 2 26 3 14 13 23 55 27 113 36 110 264 159 214 217
1 6 9 17 14 18 38 19 126 129 65 26 150 51 69 108 57 72 359 117
1 6 9 18 17 2 44 45 38 10 51 58 43 14 65 26 50 19 25 15
1 6 9 18 38 51 2 65 10 24 56 69 94 88 3 4 75 49 72 127
1 6 9 18 2 3 38 4 17 26 65 69 57 14 72 44 75 148 5 15
1 6 2 9 17 14 44 19 18 45 53 126 25 87 150 208 31 46 96 133
1 6 2 9 3 17 4 26 18 14 38 46 5 65 27 19 21 51 40 126
1 6 2 44 9 45 18 25 10 24 38 35 94 54 109 3 49 357 111 31
1 6 9 2 18 44 3 20 47 60 10 4 52 13 104 365 106 5 55 24
1 6 2 3 44 9 18 17 26 27 45 10 35 24 25 15 4 76 170 82
1 6 2 3 44 13 4 23 29 74 9 334 55 298 11 345 18 5 375 303
1 6 9 2 3 17 44 13 20 55 47 14 60 16 46 18 33 71 218 45
1 6 9 17 14 2 18 10 3 4 35 44 38 26 46 13 20 19 54 5
1 6 9 18 17 26 10 2 38 44 20 15 76 35 65 75 45 51 69 3
1 6 9 17 18 26 38 10 24 94 2 65 14 46 3 44 40 19 49 51
1 6 2 3 13 55 16 23 36 113 9 18 4 11 183 34 5 180 17 273
1 6 9 17 18 38 65 51 26 59 14 118 46 282 19 56 368 272 40 27
1 6 9 18 17 26 2 14 46 15 44 45 38 40 25 58 61 51 10 35
1 6 2 9 3 44 17 26 15 20 45 4 33 11 37 5 68 76 139 58
1 6 9 2 44 17 14 45 25 18 20 31 47 33 46 19 26 53 58 73
1 6 9 2 44 18 3 10 35 17 13 26 24 15 14 38 46 54 111 27
1 6 9 2 3 4 11 13 34 5 180 158 55 18 161 16 382 10 385 188
1 6 2 9 3 18 38 13 44 55 20 23 17 16 14 83 46 36 65 33
1 6 9 18 10 24 35 94 54 240 38 111 127 65 275 109 49 384 326 388
1 6 9 18 17 26 38 14 27 15 92 10 2 46 110 62 19 44 138 214
1 6 2 9 18 38 51 17 56 80 88 65 69 75 201 100 72 81 32 14
1 6 2 9 44 3 20 33 47 18 68 10 71 13 60 120 35 218 135 124
1 6 9 18 2 38 65 3 69 17 13 55 113 75 57 81 16 23 83 26
1 6 9 18 10 2 24 3 35 94 4 127 17 54 209 13 227 111 240 326
1 6 2 9 18 38 17 14 10 51 44 59 65 19 3 118 24 49 107 46
1 6 9 18 17 2 14 26 19 27 38 92 3 51 65 112 270 59 110 138
1 6 2 9 17 26 15 76 14 44 20 37 27 92 139 112 110 214 270 33
1 6 2 44 9 20 33 71 45 135 18 38 58 43 65 25 120 47 10 75
1 6 2 9 3 13 55 44 18 16 45 4 5 38 17 26 20 67 15 33
1 6 2 9 17 26 3 13 14 4 46 27 11 23 40 48 44 92 20 138
1 6 2 9 44 3 20 18 45 13 4 38 5 11 7 34 47 25 132 10
1 6 9 18 38 65 69 17 14 75 10 148 72 35 410 361 19 411 117 24
1 6 9 2 3 18 13 55 44 10 35 45 113 16 82 25 159 24 89 17
1 6 2 3 44 20 33 47 71 52 68 162 13 9 238 106 23 105 29 121
1 6 2 44 9 20 33 68 47 71 52 105 17 121 60 14 46 104 40 26
1 6 2 9 18 10 24 38 49 3 94 51 59 56 127 326 418 209 107 115
1 6 2 44 45 20 25 9 47 33 31 52 60 104 71 120 339 18 363 17
1 6 2 44 3 20 33 13 23 55 113 9 68 45 17 14 19 18 58 26
1 6 2 9 18 10 3 44 17 20 38 47 60 45 25 13 35 4 52 51
1 6 9 2 17 26 44 20 45 47 3 58 60 13 23 27 92 25 61 33
1 6 9 17 26 14 18 10 38 65 75 148 81 69 372 27 46 92 57 62
1 6 2 44 20 9 33 18 68 10 71 105 95 47 135 120 162 24 121 390
1 6 9 18 10 35 17 24 82 2 49 89 107 141 115 44 142 38 94 403
1 6 9 2 44 17 14 26 45 19 20 18 46 27 25 40 48 10 110 47
1 6 2 9 17 26 3 14 19 53 126 27 92 110 4 46 73 112 13 5
1 6 9 17 26 15 37 27 41 114 76 336 139 192 304 247 156 297 358 343
1 6 2 44 9 18 17 45 10 3 26 24 15 20 76 14 47 60 46 170
1 6 2 3 13 55 113 23 36 29 16 83 159 264 329 4 364 101 144 67
1 6 2 3 44 4 11 5 13 55 23 113 21 183 125 199 294 131 229 373
1 6 2 3 4 11 44 132 34 13 5 274 45 269 7 12 20 283 9 33
1 6 9 17 2 44 20 26 47 14 60 45 27 3 77 52 18 92 138 407
1 6 2 3 13 55 23 113 9 29 17 74 64 280 298 334 44 376 345 26
1 6 2 3 13 23 55 29 113 183 64 320 159 9 391 36 229 230 366 16
1 6 2 44 3 9 45 13 25 87 55 187 309 16 302 4 113 23 17 14
1 6 9 18 10 24 17 35 49 38 94 127 51 107 2 209 59 240 14 275
1 6 9 2 44 20 18 45 58 33 3 25 47 71 38 51 61 87 17 13
1 6 2 44 20 45 25 3 47 52 104 33 365 9 87 165 58 68 106 13
1 6 9 2 17 14 46 40 44 19 163 126 3 196 26 20 27 62 48 45
1 6 9 18 38 51 65 2 56 80 85 69 267 3 4 396 13 75 81 72
1 6 2 9 3 18 38 17 26 51 13 10 15 23 56 65 29 35 54 14
1 6 9 2 44 18 38 17 14 3 4 19 65 45 13 75 25 26 58 81
1 6 2 44 3 9 17 45 14 46 19 53 62 96 26 126 13 27 151 4
1 6 2 3 9 4 18 17 26 5 15 76 139 21 37 7 297 14 44 12
1 6 2 9 44 18 17 14 19 53 3 26 13 23 96 38 15 36 28 137
1 6 2 44 20 9 45 25 3 87 31 18 212 33 13 38 133 187 309 58
1 6 2 9 3 13 17 14 44 23 55 4 113 159 295 144 16 46 20 62
1 6 9 17 14 19 26 126 129 53 73 324 359 369 15 404 2 150 381 414
1 6 2 3 44 4 5 13 55 45 7 113 9 21 20 58 16 25 18 17
1 6 9 18 38 65 69 10 17 14 19 75 46 148 126 410 26 361 150 27
1 6 2 3 9 13 23 55 113 17 26 36 183 229 264 230 329 159 4 28
1 6 9 2 18 10 24 44 49 35 54 20 70 45 58 3 61 111 13 164
1 6 9 17 18 26 38 10 27 35 54 111 51 65 56 15 80 88 69 201
1 6 9 17 18 14 2 10 44 35 3 20 46 82 54 33 68 111 162 40
1 6 9 17 18 14 2 44 26 19 46 10 24 62 94 35 127 151 40 54
1 6 9 18 10 17 26 38 14 2 46 44 3 51 56 15 19 27 24 53
1 6 9 2 44 18 45 38 17 3 26 14 10 4 19 15 11 13 35 27
1 6 2 44 9 45 18 25 10 87 3 165 31 187 20 133 24 291 177 387
1 6 9 2 44 18 17 10 20 47 45 60 26 24 35 82 14 58 38 89
1 6 2 9 18 10 38 51 44 65 69 24 3 45 94 49 20 13 70 17
1 6 9 2 44 18 17 3 38 65 13 55 51 20 23 16 59 67 83 26
1 6 9 18 10 35 17 82 26 14 142 403 24 89 49 46 2 38 397 15
1 6 9 2 44 17 45 14 3 25 13 19 53 4 31 5 18 11 126 38
1 6 2 3 13 55 16 9 83 101 415 23 423 113 377 254 36 380 29 426
1 6 2 9 3 13 44 18 4 45 23 55 29 16 20 5 17 67 38 207
1 6 9 18 10 35 82 24 142 397 386 17 26 403 393 49 89 94 14 167
1 6 9 17 14 18 10 35 2 26 46 38 65 51 19 56 53 3 82 54
1 6 9 2 17 18 10 38 3 24 35 51 94 82 54 111 240 127 49 4
1 6 2 3 4 9 11 13 18 38 132 51 44 20 65 75 17 23 69 34
1 6 9 2 3 18 4 17 38 14 5 51 13 19 44 53 21 45 10 56
1 6 2 44 9 20 33 3 47 71 18 13 52 17 4 68 135 11 26 132
1 6 2 44 3 20 13 4 55 113 9 17 47 52 16 60 67 265 106 394
1 6 9 2 3 4 18 5 17 21 14 131 125 10 24 94 38 11 51 347
1 6 9 17 14 46 62 151 19 26 126 27 40 18 163 2 10 48 196 53
1 6 2 9 17 18 26 10 14 19 35 46 3 53 24 44 54 45 96 40
1 6 2 44 3 45 25 9 58 13 17 31 20 61 18 38 14 212 249 245
1 6 2 9 3 18 17 26 15 37 14 4 38 76 11 65 170 34 13 46
1 6 9 2 3 4 17 26 18 27 5 10 21 13 44 131 35 92 54 347
1 6 2 44 45 20 33 47 60 58 9 77 43 3 17 26 68 105 18 95
1 6 2 9 44 17 18 3 13 45 4 55 5 7 16 11 132 21 10 23
1 6 2 3 13 9 17 23 18 29 38 55 10 24 113 26 64 183 65 15
1 6 2 3 9 44 17 45 14 18 4 5 38 19 20 46 7 26 40 33
1 6 9 17 2 18 26 38 44 51 14 15 56 80 59 3 20 4 13 118
1 6 2 9 3 4 18 10 24 49 94 107 115 17 26 38 11 141 44 435
1 6 2 9 3 4 11 44 5 13 55 17 113 7 159 132 295 8 21 144
1 6 9 2 44 17 26 20 47 45 60 3 33 52 27 4 5 11 92 218
1 6 9 17 26 2 18 27 3 10 44 20 33 71 35 82 92 15 38 14
1 6 9 18 10 17 38 65 51 56 35 14 46 26 40 69 54 163 59 109
1 6 2 44 20 45 25 58 61 47 52 116 9 60 106 284 104 77 33 18
1 6 2 44 45 58 9 61 20 18 17 14 25 19 38 10 90 31 126 212
1 6 9 2 44 17 45 58 14 20 18 33 43 71 46 3 13 26 19 50
1 6 9 2 44 3 17 26 27 92 112 15 37 76 170 110 13 175 138 41
1 6 9 18 38 10 2 17 35 65 24 3 4 82 51 142 59 75 11 118
1 6 9 18 17 10 24 49 94 240 424 127 70 275 14 35 54 443 389 442
1 6 2 3 44 4 5 20 7 9 11 34 13 8 12 23 184 132 180 33
1 6 2 9 18 3 38 44 13 51 23 45 10 56 55 65 16 24 4 29
1 6 2 44 9 45 20 58 18 61 43 38 50 33 140 91 90 116 3 22
1 6 9 17 26 14 15 76 18 10 19 53 24 46 170 27 174 37 446 139
1 6 9 2 18 44 38 10 24 20 94 33 65 47 60 49 218 71 240 127
1 6 9 17 14 46 26 18 40 27 48 86 10 15 24 38 35 65 92 138
1 6 2 3 9 13 55 16 4 17 67 11 132 274 14 83 254 34 46 429
1 6 2 44 3 20 33 45 68 4 162 47 225 11 34 246 9 17 383 60
1 6 2 44 45 3 4 58 43 20 61 11 33 9 25 5 31 17 91 90
1 6 9 18 10 38 24 17 2 35 65 94 44 75 49 240 148 3 13 275
1 6 9 18 2 38 65 69 17 14 51 19 59 3 56 75 282 81 26 72
1 6 2 3 9 13 23 55 44 18 20 17 38 26 113 36 4 15 27 45
1 6 9 18 10 35 24 54 49 111 2 17 94 70 127 109 26 164 197 240
1 6 2 3 13 4 55 9 11 16 23 44 5 21 131 67 153 265 83 254
1 6 2 9 18 44 17 14 19 3 20 10 53 45 38 26 46 47 62 4
1 6 2 3 13 4 11 5 21 44 7 8 12 20 34 248 45 122 131 398
1 6 9 2 44 20 45 33 3 17 71 47 135 68 120 25 31 58 60 13
1 6 9 18 38 65 51 2 44 20 33 45 75 3 47 58 60 43 10 71
1 6 2 9 44 17 20 26 45 14 58 33 71 3 18 19 25 53 126 135
1 6 9 17 26 18 15 2 3 37 4 13 44 5 14 76 11 21 46 40
1 6 2 3 13 4 23 36 28 55 5 21 264 7 9 12 283 122 379 131
1 6 9 18 10 38 2 35 51 59 82 65 24 94 44 118 3 13 368 17
1 6 9 17 2 44 20 33 26 71 18 15 120 38 76 51 135 170 56 363
1 6 2 44 9 45 18 17 14 38 58 26 46 20 40 61 43 15 91 163
1 6 9 17 18 10 26 24 14 2 15 76 3 170 4 94 49 5 7 107
1 6 9 18 2 3 13 17 14 19 46 62 40 223 53 163 55 10 196 232
1 6 2 3 9 17 14 46 26 27 44 20 18 15 40 92 48 138 321 10
1 6 9 17 14 46 2 26 19 27 18 40 44 38 65 163 126 3 15 51
1 6 2 44 20 9 33 18 3 4 17 71 10 26 68 120 38 363 105 162
1 6 2 3 9 17 13 23 36 14 26 28 264 27 260 55 137 402 18 406
1 6 2 3 13 55 44 4 23 5 20 16 29 64 11 34 320 33 74 332
1 6 2 44 9 17 20 45 26 58 61 27 33 71 116 135 430 90 124 93
1 6 9 17 26 27 110 92 15 37 2 3 138 214 13 44 45 18 76 112
1 6 2 3 44 4 9 11 20 18 38 33 51 132 68 10 59 34 274 176
1 6 2 44 3 4 11 5 13 7 9 23 17 55 29 8 64 14 21 18
1 6 2 44 9 45 3 17 20 25 33 71 26 18 31 58 212 61 27 4
1 6 9 17 14 19 2 44 126 46 45 40 129 20 25 31 53 87 48 73
1 6 9 18 17 38 10 65 26 2 15 75 14 37 19 53 114 81 51 99
1 6 9 18 2 17 44 26 38 27 65 75 3 15 45 76 110 20 170 4
1 6 2 3 9 4 5 7 12 11 44 18 38 8 122 132 51 34 17 398
1 6 2 44 20 33 9 3 45 17 25 47 68 87 26 4 31 14 27 18
1 6 2 44 3 20 4 9 33 17 68 11 18 38 26 71 14 10 46 162
1 6 2 9 18 17 38 10 65 51 14 24 3 44 26 20 19 33 45 25
1 6 9 18 10 17 38 24 49 26 35 14 15 37 2 19 51 76 41 82
1 6 2 44 3 4 45 9 20 47 52 13 23 17 14 60 29 11 26 46
1 6 2 9 17 26 44 15 37 27 45 14 41 19 46 53 3 62 223 151
1 6 2 9 17 14 44 18 3 19 20 26 126 13 33 4 71 120 135 430
1 6 2 3 4 11 5 44 20 13 55 16 113 83 21 9 7 47 52 23
1 6 9 2 18 17 26 38 3 65 75 44 81 311 51 20 308 45 33 27
1 6 9 17 14 46 62 2 223 232 231 44 26 40 224 48 86 134 237 163
1 6 2 9 18 10 24 3 49 35 54 82 142 38 109 51 59 403 282 44
1 6 2 3 13 44 55 4 9 113 16 183 20 17 18 83 229 254 23 371
1 6 2 44 20 45 33 68 9 162 3 13 23 25 105 95 87 58 43 55
1 6 2 44 3 45 4 25 13 31 58 43 91 23 11 87 5 133 34 355
1 6 2 44 45 20 33 25 58 9 3 18 17 47 60 87 4 43 218 14
1 6 9 17 18 14 10 35 46 40 48 163 62 86 82 134 395 157 417 432
1 6 2 44 45 9 20 33 17 25 47 31 26 133 27 92 110 15 226 68
1 6 9 18 10 17 14 24 35 54 109 49 70 169 357 2 44 250 400 26
1 6 2 3 4 5 44 21 131 11 20 33 45 25 31 68 7 71 9 105
1 6 2 9 17 44 18 26 15 27 20 14 76 38 92 10 35 138 170 45
1 6 9 2 17 44 14 20 26 27 110 46 214 33 217 40 15 48 203 103
1 6 2 9 18 10 24 17 49 35 82 44 89 54 107 45 3 14 115 20
1 6 9 2 18 44 45 17 10 38 58 51 24 3 13 43 49 23 26 20
1 6 9 2 17 26 27 15 37 18 38 65 114 14 51 59 41 282 44 268
1 6 9 2 3 4 44 45 11 18 13 34 10 25 178 24 132 38 51 94
1 6 2 44 9 17 18 14 26 27 46 3 19 38 62 223 45 10 231 20
1 6 2 44 9 18 10 38 24 17 94 26 35 27 49 15 110 70 103 107
1 6 2 9 3 4 18 13 5 21 10 55 131 16 35 82 44 125 7 23
1 6 9 2 18 44 20 10 33 71 135 3 13 47 4 11 34 55 16 17
1 6 2 3 13 55 16 83 67 101 113 4 377 415 23 183 5 207 11 9
1 6 9 17 26 18 38 2 3 13 10 27 44 35 4 51 14 54 15 92
1 6 2 44 3 13 23 45 36 4 29 5 55 7 12 28 58 64 16 83
1 6 9 17 2 3 14 13 23 29 18 10 38 19 36 44 55 26 35 113
1 6 9 18 10 2 24 35 49 107 115 17 141 54 82 109 405 44 14 38
1 6 2 9 3 4 18 13 55 16 44 5 17 83 67 265 207 436 7 266
1 6 9 18 2 10 3 24 38 13 17 23 44 94 26 55 65 16 49 29
1 6 9 2 3 4 11 34 18 10 35 5 180 7 17 54 44 14 8 26
1 6 9 2 18 38 3 17 13 44 20 23 26 55 51 56 80 27 4 14
1 6 9 17 2 14 26 27 110 15 18 19 126 92 129 38 138 112 10 407
1 6 2 9 18 3 38 44 17 45 58 61 20 90 25 47 26 14 46 27
1 6 2 44 9 20 47 3 60 4 18 5 7 12 218 8 283 77 42 220
1 6 9 17 14 19 53 73 18 46 40 10 26 96 62 126 253 150 324 236
1 6 9 17 18 26 2 14 44 38 46 19 27 110 92 65 15 51 112 40
1 6 9 17 26 15 76 139 156 14 427 297 2 18 392 27 92 38 112 138
1 6 9 18 17 2 38 51 65 3 75 4 5 13 10 26 56 80 88 21
1 6 2 44 3 13 4 55 16 11 113 9 5 17 18 38 14 23 159 20
1 6 9 17 14 2 46 18 40 3 48 86 62 10 24 19 134 49 432 399
1 6 2 44 3 20 45 58 13 25 55 33 68 105 47 4 71 52 162 43
1 6 9 18 10 17 24 14 46 35 54 19 53 73 324 40 163 109 82 126
1 6 9 17 14 46 19 53 126 26 62 129 108 123 408 359 206 27 445 223
1 6 9 2 17 14 19 126 18 3 46 129 4 5 108 38 62 53 7 44
1 6 9 17 2 26 18 14 46 10 24 15 37 114 3 35 4 38 94 192
1 6 2 44 20 9 18 3 45 10 4 5 25 24 13 58 35 23 61 90
1 6 2 3 9 13 23 44 17 26 29 74 334 36 27 264 18 10 24 329
1 6 9 18 17 2 14 46 19 44 38 51 126 10 3 65 4 40 20 150
1 6 2 44 9 17 26 18 14 19 27 45 25 38 10 126 53 73 65 3
1 6 2 3 4 44 13 23 9 36 17 28 29 64 74 280 334 18 345 20
1 6 9 17 2 18 14 38 44 3 20 13 45 26 25 65 55 58 87 33
1 6 2 3 44 45 13 20 33 55 16 113 58 43 23 25 87 183 61 165
1 6 2 9 17 18 26 44 27 3 20 38 33 47 4 10 15 13 14 60
1 6 2 3 4 5 7 9 21 18 13 131 12 125 283 448 122 347 199 17
1 6 2 44 3 20 33 13 68 23 29 45 64 74 334 162 280 71 58 376
1 6 9 18 38 10 17 65 2 35 24 82 94 240 26 424 3 54 443 75
1 6 2 3 9 4 11 13 34 178 18 132 23 44 10 36 38 264 274 55
1 6 9 18 17 14 46 62 38 10 51 26 56 24 49 94 15 127 107 40
1 6 9 18 2 38 44 20 33 51 47 3 45 17 60 14 59 65 68 282
1 6 2 3 9 17 44 18 4 38 5 65 13 45 25 55 10 24 20 33
1 6 9 18 10 38 51 2 3 4 65 35 54 11 5 82 109 89 7 34
1 6 9 2 18 38 10 24 35 3 13 55 16 94 240 127 44 65 75 82
1 6 9 2 3 44 18 38 65 75 69 81 311 10 20 308 4 401 35 72
1 6 9 18 10 2 17 38 65 75 51 26 24 27 81 92 44 14 45 94
1 6 9 17 2 18 10 3 14 35 4 38 65 26 19 44 46 82 5 54
1 6 2 9 18 44 20 10 33 17 3 35 14 46 4 40 47 60 82 54
1 6 2 44 3 45 9 20 25 31 33 58 47 68 162 225 246 383 212 235
1 6 9 17 18 26 15 27 110 103 2 92 3 278 44 214 37 438 41 76
1 6 2 3 44 4 5 9 13 45 23 11 58 55 113 29 159 16 7 17
1 6 9 17 2 26 14 46 19 15 126 27 92 112 3 40 4 37 129 5
1 6 9 18 38 51 2 3 44 4 45 5 11 58 13 25 56 7 59 87
1 6 2 44 20 45 9 33 58 17 68 25 43 14 26 105 27 47 87 61
1 6 9 17 18 2 26 10 38 65 3 51 44 35 69 75 82 142 45 54
1 6 2 44 45 9 17 3 18 14 20 58 4 25 5 21 11 87 34 10
1 6 9 17 18 26 15 27 2 76 44 3 37 170 139 38 14 41 110 336
1 6 2 3 4 13 44 11 132 23 274 20 33 55 176 16 45 5 58 285
1 6 2 3 4 13 55 44 45 9 5 20 7 23 11 47 58 8 60 25
1 6 9 17 18 38 51 10 56 35 24 65 49 107 14 75 19 81 88 311
1 6 2 44 3 13 9 17 4 20 18 55 26 14 38 23 47 10 27 33
1 6 9 18 10 2 3 24 94 4 17 13 49 23 38 26 65 75 11 35
1 6 9 2 17 14 46 26 19 15 53 27 44 20 33 73 126 3 45 110
1 6 2 9 18 10 35 44 38 24 20 54 65 49 109 51 111 94 3 240
1 6 2 44 45 20 33 68 162 58 47 225 9 3 4 246 105 421 95 43
1 6 2 3 44 13 9 23 17 4 5 36 21 131 28 55 14 29 26 45
1 6 9 2 44 17 20 18 14 33 46 38 45 19 126 3 26 40 53 129
1 6 2 44 45 58 9 43 17 50 25 18 14 20 91 38 51 47 60 10
1 6 2 9 44 20 33 68 162 17 45 14 71 47 105 52 225 60 121 46
1 6 2 9 17 3 14 18 46 26 44 15 38 51 19 59 4 5 118 62
1 6 9 2 44 17 18 45 58 10 26 15 43 91 50 35 14 140 24 251
1 6 9 18 2 17 26 15 27 44 45 10 25 58 110 103 37 87 41 43
1 6 2 3 44 4 9 18 38 20 45 47 10 52 60 77 106 51 11 132
1 6 9 17 2 44 3 14 20 4 33 13 68 71 47 135 18 60 52 5
1 6 9 2 17 44 18 14 46 10 35 3 38 45 4 82 58 142 43 40
1 6 9 2 17 18 44 10 24 49 38 94 127 209 65 3 20 75 69 26
1 6 2 3 4 44 20 5 45 9 33 58 71 120 68 17 18 105 11 14
1 6 9 18 38 51 59 2 17 14 56 65 282 3 75 19 53 13 272 118
1 6 9 17 2 18 26 38 10 14 65 51 24 35 15 54 94 127 240 69
1 6 2 3 9 13 55 16 17 4 44 14 26 23 19 45 18 36 5 21
1 6 9 18 17 2 14 46 10 3 40 44 163 19 45 58 196 61 35 20
1 6 9 17 26 2 3 44 14 4 27 110 46 5 7 214 19 20 126 185
1 6 9 17 14 18 10 2 3 38 13 44 65 69 57 20 72 47 51 55
1 6 9 2 18 3 17 14 10 35 26 13 38 19 126 24 27 46 92 49
1 6 2 3 4 5 9 21 7 44 131 153 13 347 433 20 47 12 45 409
1 6 9 2 44 18 45 20 25 47 87 165 177 187 38 58 61 31 90 200
1 6 2 9 3 44 17 13 26 45 58 25 43 50 31 133 18 140 91 38
1 6 9 17 14 26 15 27 92 112 2 110 138 214 130 37 76 139 103 156
1 6 9 18 10 24 49 70 94 35 164 107 171 412 38 2 127 3 141 413
1 6 9 17 2 18 38 14 19 26 15 53 10 126 35 129 65 54 111 150
1 6 2 44 20 45 3 4 13 55 5 47 58 43 7 25 23 52 8 106
1 6 2 9 17 14 18 3 38 65 13 19 55 51 44 46 69 57 63 26
1 6 2 9 18 10 3 13 55 113 35 44 16 17 24 183 229 49 273 54
1 6 9 17 18 14 46 38 10 26 40 51 15 19 59 24 94 37 65 240
1 6 9 18 10 17 24 35 54 26 94 240 15 275 27 14 92 19 424 76
1 6 2 3 13 44 23 55 113 36 264 329 45 364 4 25 425 29 16 11
1 6 9 17 18 2 38 26 3 14 19 126 150 4 46 40 51 56 13 11
1 6 9 18 10 35 17 38 14 24 65 75 2 3 4 69 54 51 13 94
1 6 2 44 3 45 25 13 58 31 9 4 23 17 20 5 87 187 26 14
1 6 9 2 44 3 13 17 4 14 46 23 18 20 33 55 36 62 19 11
1 6 2 9 44 3 45 4 20 47 17 52 60 14 33 19 126 68 105 129
1 6 9 18 10 17 24 49 107 35 70 164 171 54 82 142 38 450 26 403
1 6 2 9 18 44 20 10 45 35 38 82 47 3 54 89 25 97 167 51
1 6 2 3 13 4 5 11 9 23 18 29 64 74 280 44 376 45 7 21
1 6 9 18 17 14 38 2 44 10 26 35 51 20 47 82 27 54 3 142
1 6 2 3 13 4 9 17 18 14 46 44 26 20 45 23 10 33 24 40
1 6 2 3 9 44 18 38 10 65 20 75 13 35 55 33 68 17 26 105
1 6 2 9 18 10 35 82 3 24 4 94 5 11 54 7 12 109 21 44
1 6 2 44 3 45 20 4 25 11 87 34 9 178 13 33 5 71 68 18
1 6 2 44 45 58 25 61 43 90 93 50 91 87 9 355 20 31 212 116
1 6 9 18 38 10 24 35 94 49 51 59 54 118 368 128 56 416 80 422
1 6 9 18 38 17 65 14 69 75 57 10 19 46 24 148 49 35 51 372
1 6 2 44 9 3 4 45 11 25 20 17 14 33 34 13 31 18 19 26
1 6 2 44 20 47 45 60 9 25 31 33 212 52 235 71 104 419 133 249
1 6 9 2 44 18 20 38 45 3 25 31 51 133 212 87 4 11 47 58
1 6 2 3 9 13 55 23 4 18 5 16 44 11 67 21 29 131 38 45
1 6 2 3 9 4 44 17 45 25 20 33 26 68 162 11 34 225 178 18
1 6 2 3 9 13 23 29 55 36 113 18 38 264 51 56 44 16 28 64
1 6 9 2 44 45 25 87 187 3 58 43 165 91 177 17 302 291 31 306
1 6 2 3 13 55 9 18 23 38 113 17 26 16 51 44 65 183 15 45
1 6 2 44 9 3 20 45 58 25 4 13 33 87 187 55 31 309 17 113
1 6 2 9 3 13 17 44 55 4 16 18 26 14 23 46 36 83 67 28
1 6 9 17 26 18 14 2 27 10 24 35 38 19 46 94 49 65 107 82
1 6 2 44 45 9 58 25 87 31 18 61 133 20 17 43 38 47 212 235
1 6 2 9 17 26 44 3 27 18 45 58 61 25 15 90 31 4 37 92
1 6 2 9 3 13 17 26 55 14 4 46 16 62 23 11 5 67 19 113
1 6 2 44 9 20 18 17 33 71 14 38 65 69 46 19 51 10 59 57
1 6 9 17 18 38 2 10 3 13 26 24 49 94 27 4 11 35 107 5
1 6 9 2 17 44 18 26 20 27 47 60 110 45 15 25 218 214 10 38
1 6 9 2 18 3 10 24 44 13 49 45 23 36 58 4 107 61 141 264
1 6 9 18 10 38 35 65 75 2 3 81 99 148 82 44 24 51 233 45
1 6 9 18 2 10 35 38 54 109 82 44 51 169 59 142 56 80 397 17
1 6 2 9 44 3 17 13 55 26 113 16 23 83 20 18 254 10 4 47
1 6 9 18 38 2 3 10 4 17 26 44 24 94 127 51 59 118 326 418
1 6 2 44 20 45 58 33 25 61 116 284 378 68 43 119 71 434 9 162
1 6 2 3 9 18 13 23 36 4 10 29 74 38 28 17 334 24 65 51
1 6 9 17 18 2 10 26 24 14 44 27 20 3 47 46 35 15 40 48
1 6 9 17 18 26 38 14 65 2 75 19 148 372 449 452 51 46 62 420
1 6 9 18 38 2 44 20 65 75 45 69 25 31 72 47 32 87 33 165
1 6 2 9 3 17 13 14 44 19 55 4 5 126 53 23 16 73 46 40
1 6 2 9 3 4 13 44 20 17 23 55 36 29 18 74 113 298 16 33
1 6 2 44 9 18 45 25 58 31 38 212 51 3 10 24 59 235 419 457
1 6 2 9 18 10 35 54 82 38 109 89 167 44 17 179 51 56 26 24
1 6 2 9 44 3 4 45 25 58 5 87 43 13 21 7 18 12 283 17
1 6 2 44 45 58 20 3 25 13 9 31 212 17 14 33 55 87 26 133
1 6 9 17 18 14 26 10 46 2 44 40 48 24 35 94 127 86 240 15
1 6 9 18 17 14 2 26 27 92 15 112 76 110 46 40 270 139 19 138
1 6 2 3 9 13 4 5 18 7 12 44 55 20 21 17 11 33 47 122
1 6 9 2 44 45 58 61 20 17 18 90 10 93 14 428 116 26 33 200
1 6 9 2 3 44 4 5 7 13 23 29 12 8 74 17 122 398 11 184
1 6 2 3 13 9 4 18 44 38 51 5 45 23 10 25 17 59 58 35
1 6 9 18 10 24 2 17 38 51 14 59 94 118 240 127 128 368 424 442
1 6 9 17 18 2 44 3 20 13 38 47 60 26 65 52 10 218 35 33
1 6 2 9 18 38 17 26 3 15 14 46 65 62 4 44 13 51 23 5
1 6 2 44 45 3 4 58 5 21 9 11 18 13 17 14 25 43 23 50
1 6 2 44 20 33 9 18 71 47 17 10 135 24 52 124 26 454 38 60
1 6 9 17 2 18 38 3 44 10 51 45 59 14 58 43 19 61 4 50
1 6 2 3 4 5 9 7 18 12 13 38 23 36 28 137 29 17 14 154
1 6 2 3 44 45 20 58 47 9 61 33 116 13 119 17 4 14 5 26
1 6 2 44 20 47 52 3 9 104 18 60 17 26 239 14 45 465 58 10
1 6 9 18 2 3 44 20 38 33 51 56 17 47 26 14 65 69 71 72
1 6 2 44 20 9 47 33 71 60 17 45 14 218 58 26 25 43 87 91
1 6 9 17 14 26 46 18 10 2 44 27 20 3 92 40 47 35 33 60
1 6 2 3 13 4 55 113 11 34 132 44 20 180 9 5 17 21 16 14
1 6 2 3 9 13 23 29 4 36 264 17 260 26 27 64 110 92 138 15
1 6 2 3 13 23 9 18 4 55 36 10 17 29 5 24 44 16 45 49
1 6 2 3 9 44 13 18 23 10 29 64 17 36 280 439 28 14 376 264
1 6 9 18 2 44 38 17 51 26 45 56 58 61 25 3 87 88 27 13
1 6 9 17 18 38 65 14 51 26 46 69 10 72 59 35 82 117 19 53
1 6 2 44 45 3 13 58 25 43 50 22 4 30 87 31 91 147 11 149
1 6 2 44 9 20 33 3 17 26 13 18 23 10 29 14 46 35 40 71
1 6 2 3 44 4 13 55 5 21 11 125 132 7 131 16 83 34 9 12
1 6 9 2 3 13 18 38 4 23 44 29 55 20 64 65 47 60 51 36
1 6 2 44 45 3 20 13 47 4 52 55 106 16 33 9 83 58 113 11
1 6 2 3 9 17 26 15 13 76 4 55 170 175 16 299 27 37 11 44
1 6 2 9 17 14 44 20 45 25 31 212 58 47 43 19 18 61 33 46
1 6 2 44 20 9 47 33 52 45 18 3 17 60 77 38 51 25 71 104
1 6 2 9 18 10 38 35 65 69 75 51 44 17 57 59 54 56 148 26
1 6 9 18 17 10 14 26 27 46 15 92 112 76 40 38 2 48 139 86
1 6 9 2 44 17 45 18 10 38 65 26 14 27 15 19 35 25 37 126
1 6 9 17 14 26 2 44 18 46 10 45 40 62 48 38 65 15 86 51
1 6 9 17 2 44 3 13 26 20 45 33 4 58 43 68 91 55 355 14
1 6 2 9 44 45 25 87 58 165 31 187 18 10 309 20 47 52 38 431
1 6 9 17 26 2 44 27 45 58 14 3 46 19 15 18 126 13 76 4
1 6 9 2 18 44 17 10 20 3 13 35 33 23 47 54 109 36 29 55
1 6 9 17 18 14 19 2 3 126 13 129 26 53 15 108 10 24 46 4
1 6 9 18 38 10 24 51 35 49 56 54 59 65 109 107 70 115 435 17
1 6 2 44 3 9 20 33 18 17 45 71 38 10 24 49 14 68 162 94
1 6 9 18 38 51 59 56 80 282 17 65 88 100 272 341 85 2 10 118
1 6 9 17 2 14 19 18 26 46 38 53 10 62 151 166 3 96 27 24
1 6 2 3 4 9 5 44 13 55 17 7 26 14 12 46 45 21 125 40
1 6 9 2 18 10 3 13 4 55 16 83 11 23 254 17 113 67 26 27
1 6 9 18 2 38 65 44 45 58 10 3 51 35 56 75 17 80 26 25
1 6 9 18 17 14 46 62 2 223 232 237 10 151 19 44 53 45 40 437
1 6 2 3 4 13 23 5 36 21 125 199 9 373 17 26 15 37 114 440
1 6 9 18 10 35 24 49 54 17 26 38 2 44 70 14 109 169 27 3
1 6 9 18 2 38 10 44 24 94 35 49 51 17 107 82 240 3 26 141
1 6 2 44 9 20 45 17 26 33 27 92 58 138 47 112 25 31 212 321
1 6 2 9 18 44 20 10 45 35 38 58 25 87 31 61 212 51 54 33
1 6 9 17 26 15 14 46 76 2 27 44 18 20 139 110 47 92 112 156
1 6 9 17 26 18 15 10 14 19 37 46 41 268 126 53 336 460 129 38
1 6 9 2 44 20 45 33 25 68 71 162 31 225 133 105 135 3 121 246
1 6 9 17 18 26 14 38 19 10 53 24 2 94 51 27 49 96 65 240
1 6 2 3 4 13 55 11 16 44 23 20 45 34 36 33 71 67 68 83
1 6 9 17 18 14 38 19 53 10 126 2 3 13 35 46 73 54 26 24
1 6 9 18 38 2 17 51 65 75 10 148 35 410 411 14 361 3 453 447
1 6 2 9 17 44 45 25 3 13 14 58 4 31 61 19 11 18 126 20
1 6 9 2 3 4 5 21 125 7 199 11 440 34 178 131 13 23 215 153
1 6 2 44 45 20 9 3 25 47 4 13 11 52 60 31 77 34 18 133
1 6 2 3 9 4 17 14 26 5 27 15 76 139 46 11 297 18 170 110
1 6 9 17 14 2 18 46 3 44 10 24 26 94 240 35 38 65 27 424
1 6 2 3 4 13 44 55 113 5 20 9 33 18 71 159 144 441 7 120
1 6 9 2 3 4 11 13 18 5 23 44 17 55 26 10 132 20 27 274
1 6 2 3 44 9 13 45 23 55 113 16 159 29 74 295 36 67 64 280
1 6 9 18 17 10 2 24 14 49 107 38 19 70 115 435 211 466 467 46
1 6 9 2 18 38 51 59 56 17 26 15 10 3 14 35 13 44 118 88
1 6 9 17 14 19 2 26 46 126 15 40 18 48 44 62 27 163 53 86
1 6 2 9 18 44 45 10 24 38 65 69 35 94 127 82 142 57 397 51
1 6 9 17 26 15 14 76 139 2 44 27 37 114 297 92 46 138 40 41
1 6 9 2 18 3 38 13 55 113 17 183 44 159 4 11 295 26 273 27
1 6 2 9 44 45 25 58 43 20 17 87 187 31 33 14 18 46 91 133
1 6 2 9 18 38 17 3 13 4 5 23 10 51 7 36 28 29 26 264
1 6 2 44 3 20 33 47 9 4 71 5 11 120 132 68 105 339 34 135
1 6 9 2 44 17 45 14 26 58 20 61 116 33 3 46 43 27 47 52
1 6 2 44 45 9 3 58 4 61 43 5 18 7 91 20 33 38 355 8
1 6 9 2 17 26 3 4 27 11 14 46 44 132 34 19 15 37 274 76
1 6 2 9 18 10 17 38 26 35 44 24 51 14 56 19 59 65 126 46
1 6 9 18 38 2 44 65 51 75 20 17 56 3 81 69 4 148 99 72
1 6 9 2 18 10 35 3 38 24 4 94 44 11 5 17 132 45 34 13
1 6 9 2 18 44 3 38 51 13 45 59 118 55 10 113 20 17 14 159
1 6 9 17 26 2 27 15 14 92 44 46 3 112 40 163 37 19 45 48
1 6 9 18 17 14 38 51 65 26 27 69 46 59 40 15 92 57 62 151
1 6 2 44 9 18 20 10 38 47 33 24 68 45 58 65 49 17 71 135
1 6 2 3 44 9 45 20 58 61 18 90 25 43 10 33 13 200 47 352
1 6 9 18 2 38 10 3 13 4 51 59 24 94 65 56 127 11 69 326
1 6 9 18 17 38 26 65 69 51 59 2 14 57 75 282 15 10 118 44
1 6 2 44 20 45 9 58 18 47 33 43 25 87 50 38 71 51 165 65
1 6 2 44 9 3 17 20 26 27 18 110 33 103 13 278 68 444 23 15
1 6 9 18 17 14 10 38 19 46 40 24 94 62 51 127 2 48 3 56
1 6 2 44 3 20 47 52 4 45 33 13 60 58 43 218 68 61 77 116
1 6 9 18 2 10 35 3 4 13 82 54 89 5 21 7 142 403 11 44
1 6 9 18 10 38 17 2 3 24 26 65 13 51 23 29 56 74 55 75
1 6 2 3 4 44 11 45 9 20 33 132 25 68 47 60 17 176 204 162
1 6 9 18 38 17 14 65 10 46 40 62 69 57 26 72 66 455 163 464
1 6 9 17 2 3 14 19 46 40 4 26 53 27 73 253 469 92 472 475
1 6 9 2 44 3 18 4 11 45 5 38 25 20 51 47 65 56 75 80
1 6 9 2 18 44 17 3 38 26 27 51 20 33 4 56 68 45 110 80
1 6 2 3 4 5 21 131 7 12 153 125 484 294 11 122 44 398 470 45
1 6 2 44 9 18 20 47 3 4 33 38 65 5 71 10 21 131 52 75
1 6 9 18 38 2 10 17 3 65 44 45 58 13 4 23 14 24 25 31
1 6 2 3 9 4 11 44 17 13 26 27 23 15 5 21 132 34 7 110
1 6 9 17 26 18 10 38 51 65 69 59 57 2 27 24 75 148 66 94
1 6 2 3 9 4 17 11 34 26 5 178 215 456 21 180 15 182 13 76
1 6 2 9 44 17 18 10 35 26 45 14 27 54 38 15 58 37 19 3
1 6 2 3 44 20 9 13 18 4 55 10 35 11 16 33 17 24 113 5
1 6 2 3 4 11 132 176 204 274 285 269 9 44 20 286 462 328 17 47
1 6 2 9 17 3 14 4 19 44 26 15 18 20 46 40 33 62 47 11
1 6 2 44 20 47 3 60 218 9 45 25 77 350 4 17 13 23 31 33
1 6 2 3 13 23 9 18 38 44 20 17 45 55 58 47 113 33 60 29
1 6 2 9 3 17 13 23 29 14 19 36 46 55 126 28 16 44 129 62
1 6 9 18 17 2 3 13 44 26 14 15 10 35 55 76 20 4 54 19
1 6 2 3 4 11 13 132 5 21 125 44 7 12 20 33 45 71 8 283
1 6 2 3 13 55 44 20 16 45 83 4 25 47 113 5 52 33 7 101
1 6 9 2 17 14 26 46 62 15 27 44 37 151 166 92 45 76 41 112
1 6 9 17 14 19 18 38 51 53 56 73 96 253 88 201 324 381 26 471
1 6 2 44 20 3 47 45 58 25 87 60 165 218 13 33 4 55 187 52
1 6 2 9 18 3 17 10 4 44 35 45 82 11 26 142 13 24 25 55
1 6 9 2 44 3 45 25 58 17 31 87 18 61 26 165 14 116 187 27
1 6 2 9 18 10 35 54 44 109 82 89 17 14 142 111 397 19 3 169
1 6 2 44 45 9 3 13 20 55 18 16 25 83 47 52 254 429 60 31
1 6 9 18 2 17 38 14 44 51 56 59 3 10 65 282 46 35 54 111
1 6 9 18 17 10 26 24 14 2 49 46 62 151 19 107 44 3 70 4
1 6 9 18 38 65 17 14 69 72 46 57 63 40 489 32 78 10 163 117
1 6 2 44 9 45 17 14 18 46 38 40 3 26 13 65 62 163 51 48
1 6 9 17 2 18 14 46 26 27 19 15 3 38 76 53 126 110 10 35
1 6 9 18 2 17 38 10 65 75 26 14 3 13 15 24 81 76 37 311
1 6 9 17 14 19 18 26 46 10 15 37 114 62 126 53 24 40 76 151
1 6 9 2 44 17 3 26 27 18 15 92 14 46 40 37 114 10 110 214
1 6 2 3 44 9 17 14 46 13 55 23 113 36 19 40 183 26 29 48
1 6 9 2 3 44 20 45 4 47 18 17 38 60 65 69 26 58 14 46
1 6 9 18 38 17 14 26 2 3 4 10 46 24 27 5 44 15 37 11
1 6 2 9 44 45 25 3 87 13 58 165 177 43 55 16 83 20 18 33
1 6 2 44 3 45 13 55 25 87 16 20 165 31 9 177 17 387 113 183
1 6 9 18 2 10 38 44 24 51 59 65 69 72 57 20 63 118 489 75
1 6 2 3 9 4 44 20 33 45 68 11 17 26 47 25 71 14 105 87
1 6 9 17 14 2 3 4 18 5 21 19 44 38 46 131 11 53 132 62
1 6 9 17 18 38 26 2 65 75 148 10 81 410 44 27 51 15 76 45
1 6 9 17 2 14 3 19 26 44 53 96 46 45 20 15 58 27 25 76
1 6 2 44 9 17 18 3 4 45 5 38 51 10 25 13 55 59 56 7
1 6 2 3 9 13 17 26 55 44 16 23 67 113 18 207 10 20 159 183
1 6 9 17 14 18 38 65 69 46 40 51 19 126 129 72 117 57 75 62
1 6 2 3 13 4 23 9 44 11 20 36 29 64 5 21 280 132 34 17
1 6 2 3 44 13 55 113 45 23 16 29 36 20 33 9 4 58 183 61
1 6 2 3 4 44 13 55 23 9 29 45 36 58 18 64 5 264 28 17
1 6 9 2 44 17 20 47 60 45 3 14 46 58 40 163 4 18 48 196
1 6 2 44 45 58 3 4 61 25 5 11 31 20 13 21 87 125 131 9
1 6 2 9 44 20 33 68 71 17 18 45 58 105 162 25 3 47 60 218
1 6 2 9 3 44 4 17 5 20 33 21 18 47 52 68 105 14 45 125
1 6 2 3 9 44 17 13 18 45 26 58 38 15 10 23 20 24 47 76
1 6 9 17 18 2 14 3 46 19 44 20 40 13 47 163 38 26 60 51
1 6 9 17 18 2 3 4 38 51 56 10 59 13 88 23 5 80 118 29
1 6 2 3 9 44 18 20 10 47 38 60 77 33 35 52 17 65 24 106
1 6 9 2 17 26 18 27 3 110 15 103 10 37 14 4 24 35 41 44
1 6 9 18 10 38 24 17 51 59 49 56 2 282 65 107 3 13 35 55
1 6 2 3 9 4 44 11 13 5 45 23 58 43 21 36 7 20 61 50
1 6 9 2 18 3 38 4 51 13 65 5 7 21 125 294 55 113 287 69
1 6 2 9 18 3 10 24 94 127 4 240 326 17 38 275 65 14 51 424
1 6 9 18 17 2 44 3 13 55 38 65 75 113 159 183 229 51 4 81
1 6 2 9 18 38 65 17 75 26 148 69 372 3 410 13 44 27 4 72
1 6 9 2 3 17 4 44 26 27 13 18 110 11 14 20 132 5 10 21
1 6 9 2 17 14 18 19 38 51 65 46 126 56 80 62 3 150 69 26
1 6 9 17 18 26 27 15 76 2 92 170 138 407 473 37 139 44 3 175
1 6 9 18 17 10 35 54 82 109 142 397 89 169 250 451 2 463 403 111
1 6 2 9 3 44 4 5 20 18 7 38 65 8 69 21 184 47 60 72
1 6 2 44 9 45 58 43 50 140 61 18 38 116 251 20 490 146 10 35
1 6 2 44 45 3 13 20 9 33 18 23 4 25 36 10 35 28 38 47
1 6 9 2 3 18 44 4 10 17 35 45 24 82 94 58 49 43 25 61
1 6 2 3 9 18 44 4 5 13 23 45 38 58 61 11 116 55 21 7
1 6 2 3 13 44 9 55 16 20 45 18 33 4 47 60 25 17 58 83
1 6 9 2 18 38 44 3 13 65 4 17 55 69 5 57 75 113 23 14
1 6 2 9 44 3 20 17 4 33 14 26 19 126 27 18 10 53 92 110
1 6 9 17 18 2 3 14 4 44 38 5 21 7 51 59 8 56 88 26
1 6 2 9 18 3 38 13 65 55 44 4 23 17 26 14 46 27 110 51
1 6 2 3 13 44 23 9 4 5 21 131 45 18 11 125 153 20 55 29
1 6 9 17 26 15 14 37 46 62 114 18 223 10 27 38 35 192 65 69
1 6 2 44 20 33 9 17 71 45 135 3 68 25 124 105 454 87 162 47
1 6 2 44 45 9 18 20 25 17 26 31 10 133 226 212 47 14 15 37
1 6 9 18 17 10 26 2 3 38 51 27 59 35 110 24 65 75 282 15
1 6 9 18 10 24 17 49 70 2 171 107 94 477 44 3 4 412 115 211
1 6 9 17 18 38 26 14 27 110 214 217 15 46 76 103 494 62 185 498
1 6 2 9 18 3 13 55 16 38 17 14 26 67 207 4 51 11 83 65
1 6 9 18 17 2 38 3 51 65 69 57 4 14 75 13 23 5 72 46
1 6 2 44 9 17 26 20 18 14 47 33 10 52 46 106 60 24 104 3
1 6 9 17 14 46 26 18 62 19 2 44 151 126 10 15 53 40 20 3
1 6 9 18 2 3 10 35 4 38 54 111 65 75 17 44 81 82 45 20
1 6 9 17 18 26 14 46 62 151 38 10 65 24 173 35 94 166 468 27
1 6 2 3 9 13 4 17 44 55 23 113 11 34 180 29 16 18 183 158
1 6 2 3 44 9 13 18 23 45 17 55 20 38 33 16 83 113 29 25
1 6 9 2 44 45 58 61 18 38 43 10 17 116 119 284 483 25 50 65
1 6 2 9 3 44 17 4 26 15 20 47 14 18 60 52 10 218 13 106
1 6 2 3 13 9 55 113 18 10 17 14 38 16 26 27 4 5 24 92
1 6 9 18 2 10 17 24 3 13 55 23 14 35 26 46 40 82 16 49
1 6 2 9 17 44 18 26 10 38 51 56 24 15 88 14 45 49 25 65
1 6 2 9 44 17 18 20 45 14 10 26 3 35 4 82 142 47 46 40
1 6 9 17 14 18 38 10 2 51 26 59 15 44 3 76 65 170 13 139
1 6 2 44 20 33 68 105 47 9 71 3 17 52 26 120 135 339 15 162
1 6 9 2 18 3 17 14 44 26 4 46 5 38 21 15 13 7 65 12
1 6 9 17 2 14 44 19 53 96 26 312 46 331 126 62 316 151 15 20
1 6 2 44 45 58 25 20 33 9 3 47 60 71 87 52 31 218 4 165
1 6 9 17 14 18 38 10 35 51 26 24 49 82 107 141 405 27 46 59
1 6 2 44 9 20 17 14 46 18 19 26 45 38 62 51 126 25 10 53
1 6 2 9 17 26 44 15 18 76 27 45 38 170 37 3 175 299 500 4
1 6 2 9 18 44 17 38 26 3 65 69 20 15 75 47 13 10 14 72
1 6 2 3 9 17 13 44 18 14 55 23 38 46 10 20 19 33 47 29
1 6 9 2 3 18 44 4 17 13 20 26 5 23 29 10 15 11 14 24
1 6 9 2 17 26 27 44 3 92 15 112 4 5 14 110 11 138 7 46
1 6 9 2 3 13 23 29 17 55 16 83 18 26 27 254 101 38 64 110
1 6 2 9 3 4 5 13 7 21 18 125 8 294 10 23 11 38 24 36
1 6 9 17 18 14 38 46 40 48 51 163 86 10 432 65 2 19 126 56
1 6 2 9 18 44 3 38 4 10 20 17 5 13 14 26 19 24 7 21
1 6 2 9 44 20 47 52 104 239 106 45 18 478 25 60 3 87 4 77
1 6 2 9 3 44 45 13 23 25 55 20 58 36 28 61 29 74 18 90
1 6 9 2 44 18 3 17 26 20 15 38 10 13 76 139 35 54 33 37
1 6 9 2 44 20 17 33 14 26 19 71 45 15 18 126 58 120 43 135
1 6 2 44 20 3 47 33 68 60 4 45 71 25 218 13 120 52 58 23
1 6 9 2 17 26 27 44 3 14 45 19 110 92 138 15 37 407 114 192
1 6 9 2 3 18 13 10 23 44 20 47 45 38 33 58 61 116 55 90
1 6 9 2 3 4 17 5 13 55 113 16 7 83 101 183 14 377 18 12
1 6 2 3 9 13 4 23 55 11 17 18 5 21 36 34 131 347 433 132
1 6 9 18 17 38 14 65 2 26 19 53 96 300 301 479 10 485 15 24
1 6 2 3 13 23 36 28 29 137 261 497 476 488 495 474 4 480 502 55
1 6 2 44 3 45 20 25 4 47 52 9 13 55 87 18 38 165 65 31
1 6 9 17 2 14 19 18 44 45 126 46 38 65 3 10 35 24 54 26
1 6 9 17 18 38 10 65 24 26 2 51 35 14 19 59 53 27 96 49
1 6 2 3 4 11 44 13 5 23 55 36 9 29 18 74 45 20 34 7
1 6 2 9 3 17 4 26 15 18 27 44 20 47 13 55 16 92 52 10
1 6 9 18 10 2 24 3 4 44 45 20 49 33 47 71 38 120 135 5
1 6 2 3 9 44 17 18 4 20 5 14 38 45 65 11 69 34 51 72
1 6 2 44 20 33 47 9 71 60 77 18 45 25 52 58 68 79 135 124
1 6 9 2 3 17 4 26 15 76 11 18 14 19 27 126 5 44 132 129
1 6 9 2 3 17 13 55 14 4 23 19 126 16 67 44 26 113 20 45
1 6 9 18 2 38 3 44 20 10 65 51 13 56 59 33 282 17 69 80
1 6 9 18 17 10 24 26 94 14 27 127 46 38 110 49 209 210 35 214
1 6 9 18 17 38 14 2 19 10 26 126 150 15 3 76 208 491 46 37
1 6 9 17 26 18 38 2 65 51 56 69 10 59 44 35 118 72 368 82
1 6 2 44 45 3 4 25 20 47 11 132 52 104 9 106 239 17 98 5
1 6 2 9 18 3 13 44 17 23 4 36 264 26 28 14 46 45 27 110
1 6 9 17 18 38 14 51 19 126 46 62 53 10 24 96 2 223 231 487
1 6 9 18 17 10 14 26 46 35 19 53 24 2 82 44 142 397 89 49
1 6 2 44 9 20 3 17 13 26 15 55 76 27 23 16 18 47 60 52
1 6 9 2 3 44 17 26 14 20 45 46 58 4 33 27 15 11 5 18
1 6 2 44 45 58 9 43 18 10 17 35 20 33 50 14 47 60 218 61
1 6 9 18 2 44 17 45 10 25 35 38 31 20 47 26 52 212 235 493
1 6 2 9 3 17 14 4 13 55 11 46 40 18 113 34 62 23 19 29
1 6 9 2 3 13 55 4 17 5 14 46 44 21 19 26 11 34 16 83
1 6 2 9 3 44 17 14 4 13 46 19 23 53 29 26 40 74 73 5
1 6 2 44 20 47 52 33 45 106 71 3 4 5 25 87 9 17 60 58
1 6 2 3 9 13 55 23 4 44 16 36 29 67 5 83 20 74 334 298
1 6 2 44 20 9 33 71 45 18 135 430 124 47 461 458 511 522 52 25
1 6 2 9 3 44 20 45 4 25 58 87 11 187 61 17 18 14 13 46
1 6 2 9 18 38 17 44 3 14 20 13 46 55 19 113 51 33 4 16
1 6 2 3 13 4 55 9 16 44 113 11 45 5 34 20 58 83 61 180
1 6 2 44 3 4 20 47 33 60 13 77 23 36 11 5 55 79 29 42
1 6 9 2 18 3 10 44 24 20 94 13 38 4 45 240 17 275 55 5
1 6 2 44 45 9 18 25 3 20 33 68 47 87 13 58 52 187 162 61
1 6 9 2 44 18 45 10 35 20 3 17 14 82 19 46 40 54 38 25
1 6 9 17 2 26 14 19 3 44 45 25 27 53 73 20 110 18 58 103
1 6 9 17 2 14 18 3 26 13 55 16 27 10 113 35 110 67 159 265
1 6 2 44 45 3 25 13 9 23 20 17 47 52 14 87 19 104 55 60
1 6 2 44 3 45 25 31 212 87 4 249 235 419 457 187 20 133 33 11
1 6 2 9 18 38 17 44 20 51 45 65 56 58 80 61 69 57 25 10
1 6 2 3 9 13 18 38 44 10 45 24 25 94 87 20 49 107 165 31
1 6 9 2 44 17 26 15 27 37 114 18 110 14 10 19 103 278 20 192
1 6 9 2 18 38 10 35 44 17 65 3 69 72 45 82 13 14 46 62
1 6 2 44 20 9 17 14 3 26 45 27 110 15 214 185 13 103 217 18
1 6 2 44 20 9 33 68 162 71 3 17 105 13 135 430 238 95 45 461
1 6 2 44 45 20 58 47 61 3 13 4 33 90 68 162 5 116 200 43
1 6 9 2 17 3 26 27 15 13 55 37 14 16 44 110 113 45 159 103
1 6 2 3 13 4 55 113 44 16 23 83 159 67 144 207 265 20 436 266
1 6 9 17 26 14 2 18 19 44 15 38 37 45 114 3 27 41 65 336
1 6 2 3 4 13 11 23 44 5 9 20 55 34 33 29 180 36 64 320
1 6 9 2 17 3 4 18 10 5 11 44 38 21 13 24 14 55 46 131
1 6 2 44 45 25 3 58 13 55 4 113 183 16 5 9 273 21 20 67
1 6 2 9 44 3 18 4 13 55 17 38 113 45 14 5 20 16 83 33
1 6 2 9 44 20 18 33 17 47 38 45 25 52 31 68 10 3 58 35
1 6 2 3 13 23 44 45 4 20 33 11 9 5 58 132 34 25 178 180
1 6 9 2 18 10 24 49 35 3 107 70 171 141 4 17 14 26 38 477
1 6 2 44 9 3 17 18 20 26 14 10 24 94 38 46 4 27 51 45
1 6 2 44 45 3 4 11 13 58 34 5 9 17 14 26 132 19 126 274
1 6 2 9 17 3 4 18 38 65 10 69 24 13 55 113 183 14 229 5
1 6 9 18 38 2 3 10 44 65 75 148 51 4 5 11 45 59 81 132
1 6 9 18 10 2 17 38 14 35 44 20 3 4 45 24 19 33 5 26
1 6 2 44 45 3 58 43 4 25 50 61 140 22 146 251 91 30 13 482
1 6 9 2 44 45 3 58 4 43 11 17 26 15 76 13 139 61 170 175
1 6 2 44 9 17 45 25 18 87 26 27 165 3 58 15 10 92 138 112
1 6 9 17 18 38 26 14 27 19 126 46 51 62 129 151 359 40 48 166
1 6 9 18 10 17 38 65 69 75 148 57 66 2 63 44 455 24 81 99
1 6 9 17 2 44 18 20 26 38 27 14 45 47 10 60 218 77 42 79
1 6 9 18 38 17 65 69 75 72 2 81 57 117 63 10 35 486 54 26
1 6 2 3 9 13 17 4 23 36 44 11 20 14 28 26 19 126 18 137
1 6 9 17 14 26 2 46 62 3 27 13 92 55 16 19 223 83 18 113
1 6 9 18 2 10 38 65 75 51 69 3 13 148 81 72 44 56 57 88
1 6 9 18 38 10 2 17 3 44 14 45 65 58 24 61 4 13 35 11
1 6 9 18 10 38 17 14 46 62 19 2 151 166 51 468 501 56 510 173
1 6 9 18 2 10 3 44 45 35 38 20 58 61 54 111 13 43 33 50
1 6 9 2 18 38 44 3 17 13 45 55 10 20 14 113 47 19 183 126
1 6 9 2 44 17 45 3 14 20 26 4 5 18 38 13 27 47 92 10
1 6 2 3 44 20 4 45 47 9 11 132 58 274 13 176 61 17 269 23
1 6 9 2 3 44 4 13 45 58 43 11 5 55 91 16 83 113 101 17
1 6 9 17 14 2 44 26 19 18 27 110 92 20 138 15 112 126 76 139
1 6 2 44 3 13 55 45 16 67 20 58 61 4 33 9 207 436 11 18
1 6 2 9 18 3 10 4 24 44 45 17 13 26 14 35 11 34 49 20
1 6 2 3 13 9 18 55 4 5 17 16 10 23 44 113 14 45 36 83
1 6 2 44 9 17 3 18 26 20 15 13 76 38 45 14 33 37 4 41
1 6 9 2 3 17 18 44 20 13 47 45 55 16 10 113 58 33 71 67
1 6 2 9 3 4 5 44 13 20 21 18 33 23 71 17 45 58 131 14
1 6 9 18 2 10 44 17 20 33 47 26 15 52 35 106 27 110 76 71
1 6 9 17 2 14 19 53 126 44 73 45 3 18 4 46 96 26 5 253
1 6 2 3 44 20 13 47 52 9 45 25 55 16 4 23 58 17 36 83
1 6 2 9 17 26 44 14 46 45 27 15 58 20 19 25 61 18 33 116
1 6 2 44 9 45 17 26 25 31 212 3 14 133 235 18 20 87 19 33
