523
7 37
86 141
4 9
2 54
148 403
383 464
1 2
10 41
60 61
178 277
423 479
1 3
125 237
2 4
2 25
64 234
2 6
4 10
1 296
23 326
3 7
9 15
9 19
144 325
104 384
3 297
5 6
35 39
3 28
181 329
1 27
6 8
6 11
140 146
106 435
46 446
6 12
1 22
6 13
7 17
130 281
5 32
236 240
76 155
4 46
12 14
7 34
3 18
44 125
19 21
71 302
30 79
285 292
336 348
21 24
40 142
17 40
31 35
100 150
344 388
20 52
18 44
16 100
16 22
70 317
25 33
133 358
7 30
20 43
25 36
212 478
359 496
9 20
9 29
83 145
15 26
486 493
30 80
139 152
8 58
108 136
20 35
49 253
31 50
58 256
92 292
20 45
46 56
89 513
237 461
20 53
356 472
32 182
26 55
63 84
42 45
4 47
248 311
238 299
137 330
8 51
32 73
161 372
22 49
239 280
16 64
317 442
38 64
23 54
32 57
141 322
40 48
40 60
48 66
61 71
30 59
289 362
30 81
407 433
59 74
27 294
154 177
22 470
68 80
205 455
22 78
351 391
49 85
10 75
16 195
90 346
173 423
10 83
1 84
363 377
16 99
27 67
62 84
347 349
41 201
41 88
11 103
74 116
209 517
51 65
204 289
4 272
420 424
18 86
111 221
17 102
248 262
27 87
27 94
186 188
70 99
2 89
123 283
3 181
33 91
175 353
359 492
33 98
341 395
139 459
33 104
62 187
91 115
91 117
64 249
78 519
69 115
72 115
98 109
98 110
101 109
130 274
308 309
256 463
69 93
88 208
155 167
73 105
67 146
3 106
28 76
78 179
81 135
90 103
1 123
2 111
76 526
54 77
223 365
9 412
23 82
89 113
77 120
17 121
147 239
48 122
75 154
66 114
121 126
272 364
38 133
281 318
28 107
112 123
112 118
112 119
107 425
34 92
116 502
74 96
462 476
18 129
44 95
221 443
56 335
95 124
331 405
2 216
5 130
15 128
95 97
95 131
97 137
94 250
67 218
86 132
25 161
88 204
28 108
234 255
107 162
49 191
182 226
335 402
100 157
79 127
19 134
29 174
150 160
356 471
44 206
134 144
123 138
67 151
416 418
28 501
139 146
8 295
143 146
11 263
128 369
149 151
140 153
278 303
41 158
76 163
217 383
106 166
19 165
15 148
408 480
128 170
36 176
63 224
491 498
36 178
60 308
176 185
320 452
22 173
9 159
24 180
29 188
47 246
54 147
120 156
183 259
82 164
57 168
87 189
184 195
62 190
190 194
41 202
155 169
163 192
211 238
127 284
106 426
192 198
167 196
181 332
55 438
57 209
63 233
168 197
168 203
85 210
191 214
367 382
92 193
154 172
5 171
3 199
220 230
260 473
132 219
46 408
181 213
187 215
337 523
32 175
130 212
370 491
128 230
128 241
170 183
21 205
46 227
452 454
222 227
63 242
87 225
132 421
87 231
1 217
8 223
1 378
51 235
65 260
4 370
56 228
26 211
129 200
125 236
10 398
152 427
2 207
111 229
501 510
113 243
158 232
77 494
232 261
18 247
18 252
244 247
170 245
183 257
49 248
49 258
210 254
8 293
165 306
58 271
255 264
130 275
130 279
377 381
147 328
250 265
201 422
176 267
185 268
47 266
246 303
25 507
235 447
79 251
79 269
68 342
282 284
213 286
90 352
102 270
34 389
7 287
145 409
59 301
301 305
272 273
441 452
273 276
166 320
151 334
25 288
118 300
118 315
300 304
171 457
55 290
199 307
208 316
180 313
314 387
262 310
189 314
225 324
23 321
84 481
326 354
126 394
165 291
308 312
67 327
151 333
149 340
17 347
85 458
17 348
401 421
102 331
345 349
78 337
179 356
179 357
26 338
26 343
338 350
134 298
134 339
243 439
89 360
270 366
270 374
272 361
278 368
75 367
1 375
64 319
5 497
62 323
62 355
1 363
34 380
37 359
189 373
373 388
5 386
48 390
290 391
82 385
164 395
371 403
122 397
174 392
102 376
228 379
98 415
384 396
193 410
331 406
146 413
399 421
244 419
106 411
212 432
243 437
15 393
146 420
413 431
427 429
74 485
56 433
56 440
107 436
70 417
317 448
372 444
85 456
171 451
219 404
9 400
159 418
379 487
400 428
412 434
59 414
212 467
51 453
38 503
15 445
191 465
113 508
166 468
320 474
450 452
96 495
99 460
219 430
470 482
117 449
24 466
73 476
228 475
473 477
124 490
38 509
222 500
77 469
75 483
88 505
12 493
264 488
78 512
337 545
484 491
22 489
25 499
125 522
221 504
367 514
382 528
224 520
216 531
37 506
506 530
330 529
1 2 4 9 3 6 7 5 32 8 15 17 11 12 19 21 24 10 14 13
1 2 3 7 22 4 6 18 17 34 40 37 44 27 5 28 25 33 8 36
1 2 4 9 15 19 20 35 29 43 26 45 31 10 55 52 42 53 39 50
1 2 4 6 9 3 10 22 5 46 8 16 56 51 32 58 7 47 41 18
1 2 3 22 4 16 6 9 25 49 54 64 15 19 23 10 46 7 26 38
1 2 3 4 9 10 46 6 22 47 27 16 7 18 17 49 15 5 32 57
1 2 3 7 18 17 40 48 30 60 4 6 66 9 5 61 34 15 25 71
1 2 3 7 17 4 18 30 9 59 40 10 79 80 41 74 34 81 68 44
1 2 4 3 22 9 15 16 49 6 10 5 41 64 25 75 19 85 83 78
1 2 3 4 9 22 16 6 27 64 38 15 49 99 100 84 62 25 63 67
1 2 4 6 3 9 5 8 10 41 11 51 88 25 33 15 46 103 54 65
1 2 3 4 7 9 18 15 44 22 86 16 64 99 19 26 17 49 100 78
1 2 4 3 7 18 22 17 27 67 16 64 44 40 87 49 94 102 99 70
1 2 4 6 25 33 5 91 115 98 109 69 101 104 93 110 72 54 89 117
1 2 4 9 6 10 25 15 54 23 41 5 3 32 22 57 73 89 105 7
1 2 4 6 25 3 33 7 17 18 91 28 106 76 54 115 98 109 89 23
1 2 3 4 6 7 5 8 32 11 9 51 103 18 90 65 10 44 12 28
1 2 4 3 9 15 26 7 6 17 40 102 18 30 10 48 25 34 19 66
1 2 4 9 6 25 15 54 23 3 26 5 89 82 113 10 7 77 120 111
1 2 3 7 17 40 18 48 102 28 66 76 30 121 126 106 22 122 27 114
1 2 3 22 27 16 4 84 6 64 7 38 25 33 99 123 112 118 119 133
1 2 3 22 7 4 17 27 16 6 84 25 30 59 34 54 37 40 92 79
1 2 3 7 4 6 5 18 28 25 17 32 33 22 16 106 44 64 57 49
1 2 4 9 3 15 26 6 25 33 22 7 10 46 41 27 67 84 88 87
1 2 3 7 4 9 15 17 30 59 74 26 96 116 22 19 10 16 46 64
1 2 3 22 4 7 18 9 44 95 86 6 25 129 33 15 124 36 10 27
1 2 3 4 9 6 5 25 54 15 10 7 41 32 26 130 19 128 33 21
1 2 3 7 18 44 95 97 86 4 6 28 22 9 132 137 124 25 131 15
1 2 3 4 7 9 6 18 15 22 16 19 49 10 25 20 26 33 64 46
1 2 3 7 18 4 44 95 28 76 17 107 108 9 125 136 155 162 40 22
1 2 3 22 7 17 30 16 59 79 74 4 40 49 85 80 127 81 9 135
1 2 3 22 7 4 27 16 17 30 6 34 49 92 64 99 5 38 40 37
1 2 4 3 6 7 9 18 17 40 30 48 22 59 60 10 16 49 142 28
1 2 4 3 22 6 25 7 27 67 18 28 54 89 9 33 36 15 44 95
1 2 3 7 22 17 18 4 9 27 84 10 67 15 30 87 16 44 86 6
1 2 4 9 6 10 15 25 54 46 3 23 82 19 33 56 41 22 20 21
1 2 4 9 6 3 15 19 7 5 18 17 8 22 21 16 134 144 49 51
1 2 3 4 6 22 27 5 32 9 84 123 8 51 25 33 58 11 112 138
1 2 3 7 18 44 28 106 95 97 137 4 124 131 76 107 86 129 132 141
1 2 3 22 27 67 7 18 84 146 151 139 152 16 140 17 143 123 149 153
1 2 4 9 6 3 5 22 15 16 19 7 20 10 17 32 21 29 40 26
1 2 4 6 9 10 41 75 83 15 25 88 154 3 145 19 21 22 5 27
1 2 4 3 9 10 41 6 46 88 7 25 33 158 91 17 75 154 30 22
1 2 3 7 4 6 25 18 28 9 15 76 106 26 155 163 5 166 128 55
1 2 3 4 22 9 10 15 26 46 128 47 6 55 27 170 25 16 19 148
1 2 4 9 6 25 5 33 15 36 8 26 10 41 176 51 185 178 161 58
1 2 3 4 7 18 22 17 16 30 40 6 34 5 64 48 102 44 121 86
1 2 3 7 22 16 49 64 78 173 99 18 4 6 44 179 85 9 25 95
1 2 4 9 15 19 21 20 10 24 26 29 174 188 180 186 3 134 159 7
1 2 3 7 18 28 22 4 76 27 16 9 155 49 17 30 107 64 84 163
1 2 4 6 25 54 33 36 23 5 77 3 120 9 91 8 82 156 164 147
1 2 3 4 7 18 9 15 17 6 28 106 30 181 26 19 22 25 16 34
1 2 3 4 22 27 7 17 40 9 30 6 67 5 8 146 87 151 59 149
1 2 4 3 6 22 27 5 67 9 32 57 8 87 189 11 168 7 84 146
1 2 3 4 22 16 64 99 100 7 17 27 150 30 59 195 70 79 160 40
1 2 4 6 5 3 8 7 51 25 17 58 9 15 10 40 32 11 48 54
1 2 3 22 16 64 7 99 100 4 38 9 6 195 184 150 70 5 49 157
1 2 3 7 22 18 27 17 84 123 62 4 30 6 187 25 33 67 190 194
1 2 4 6 9 5 10 15 46 41 75 26 154 47 25 88 158 201 32 202
1 2 4 3 6 9 7 17 22 16 49 78 15 30 10 46 41 40 19 47
1 2 4 6 3 5 32 25 9 8 57 11 7 130 73 22 168 27 15 18
1 2 4 3 6 22 27 9 7 10 67 5 8 16 64 51 99 100 18 32
1 2 4 3 7 9 18 28 10 22 17 30 15 19 27 41 40 44 84 59
1 2 3 7 22 27 4 84 62 123 9 18 28 6 76 112 16 5 63 64
1 2 3 7 18 28 76 155 4 163 22 192 167 107 9 6 198 196 169 16
1 2 4 3 6 25 7 18 54 5 44 22 17 28 40 33 86 30 76 9
1 2 4 9 6 5 10 32 57 3 168 46 7 15 47 197 203 73 18 209
1 2 3 4 9 15 19 26 21 22 24 128 16 64 134 7 144 27 38 165
1 2 3 22 16 49 4 85 9 210 27 78 6 10 67 15 64 191 41 214
1 2 3 7 17 18 30 44 4 9 40 34 37 92 28 76 193 86 10 155
1 2 4 9 10 3 41 88 15 204 46 75 154 56 7 208 172 83 6 177
1 2 4 3 9 7 17 30 6 10 18 41 46 15 44 22 34 88 37 47
1 2 4 3 22 6 25 27 16 33 5 9 15 8 91 7 26 54 128 51
1 2 3 4 6 7 18 28 44 76 106 107 86 132 108 5 141 162 32 155
1 2 3 4 6 7 9 25 15 33 10 41 54 36 22 26 88 18 46 91
1 2 4 3 7 18 6 28 5 32 25 22 9 8 130 171 10 15 46 27
1 2 3 7 4 18 6 28 44 5 106 95 76 181 199 32 155 17 163 86
1 2 3 4 6 5 32 22 16 57 168 25 49 27 85 54 64 33 191 8
1 2 3 4 6 7 22 5 18 44 95 17 30 16 32 8 34 59 28 57
1 2 3 7 18 28 44 86 95 132 97 125 141 106 124 219 181 213 4 76
1 2 3 4 7 22 27 67 18 6 84 123 25 16 64 62 187 5 33 215
1 2 4 9 15 6 10 5 3 8 25 46 19 41 11 88 103 158 32 26
1 2 3 4 7 17 40 9 48 6 22 15 10 30 59 41 18 34 75 46
1 2 4 3 22 27 67 16 7 146 151 218 87 6 139 140 143 152 17 5
1 2 4 6 5 32 57 25 54 73 175 130 9 10 46 212 171 182 226 56
1 2 3 22 16 64 27 99 38 4 9 15 100 67 49 7 26 10 70 85
1 2 4 6 25 3 33 7 91 36 54 5 8 23 77 9 15 161 22 82
1 2 4 3 9 6 25 5 32 10 33 22 46 7 8 11 15 36 27 16
1 2 3 22 7 27 84 62 67 18 146 44 4 151 16 6 9 25 123 86
1 2 3 7 17 4 30 22 18 28 76 6 59 44 5 155 79 95 25 97
1 2 4 3 9 7 15 26 19 6 128 170 230 241 22 220 21 17 30 183
1 2 4 3 9 15 22 19 10 21 6 27 134 46 67 20 29 24 35 205
1 2 4 9 15 10 6 25 26 19 5 41 88 204 55 8 11 12 21 208
1 2 4 6 25 5 3 9 8 22 15 51 65 32 130 11 7 10 46 12
1 2 3 4 22 7 9 16 64 99 18 49 85 210 6 10 15 19 70 44
1 2 3 4 9 15 10 19 7 46 47 20 56 41 26 227 222 18 17 29
1 2 3 22 4 7 16 27 17 40 84 9 62 10 63 224 233 30 242 102
1 2 4 9 3 15 10 7 46 19 18 41 22 47 56 17 27 227 16 222
1 2 4 3 22 9 10 41 27 15 6 7 17 30 26 128 25 33 36 67
1 2 3 7 4 22 17 27 9 6 16 25 84 33 49 62 187 64 54 5
1 2 4 9 3 6 7 25 18 33 36 28 76 54 15 107 44 176 162 106
1 2 3 22 27 84 67 87 189 146 225 7 62 63 139 18 123 94 112 231
1 2 3 22 27 67 84 123 146 151 139 4 149 87 7 62 217 112 218 9
1 2 4 3 6 9 5 8 51 65 58 15 19 25 7 26 235 223 32 57
1 2 3 4 6 22 16 49 78 7 85 9 179 25 15 10 64 191 38 19
1 2 3 4 6 7 9 10 17 18 44 86 15 41 88 28 132 26 141 19
1 2 4 9 10 3 46 56 15 7 6 19 26 18 22 228 55 128 211 148
1 2 3 22 4 16 6 64 99 25 70 7 100 9 49 17 40 54 195 38
1 2 4 6 25 54 23 33 77 91 36 98 120 5 115 147 3 239 9 10
1 2 4 3 7 6 18 28 22 25 76 106 9 27 16 15 84 64 54 19
1 2 3 22 4 27 84 6 7 18 16 25 44 86 33 129 200 67 9 36
1 2 3 4 6 5 22 27 7 32 16 64 130 49 171 25 9 85 210 8
1 2 3 7 17 40 18 44 95 28 125 22 236 27 76 237 240 86 97 206
1 2 4 3 22 6 5 9 15 19 20 16 25 64 10 32 46 47 99 57
1 2 4 3 6 25 5 54 89 111 221 113 229 32 207 216 7 22 16 243
1 2 4 6 25 9 33 91 115 117 10 41 88 158 232 204 261 208 36 3
1 2 4 9 6 15 19 3 25 5 26 54 8 89 7 20 35 10 41 33
1 2 4 3 9 7 10 46 22 6 41 5 8 88 204 56 158 208 232 17
1 2 3 7 18 44 4 17 86 129 40 95 30 247 244 252 34 6 125 5
1 2 4 9 15 26 55 3 10 128 170 230 220 183 245 211 46 257 259 47
1 2 3 4 22 27 67 87 146 151 139 16 189 6 64 38 84 7 140 123
1 2 4 9 15 6 5 19 20 35 21 25 3 32 7 43 10 134 165 33
1 2 4 6 3 7 22 18 16 9 44 25 54 5 27 49 64 78 32 85
1 2 3 22 7 16 49 85 210 64 191 248 262 18 44 253 258 99 254 100
1 2 3 4 22 9 16 10 64 99 41 100 6 49 75 154 25 78 173 70
1 2 4 9 15 10 26 55 211 19 20 128 46 170 47 6 29 238 183 245
1 2 3 4 22 9 10 16 46 64 41 56 88 27 6 158 67 7 38 232
1 2 4 3 9 15 6 25 10 26 5 33 7 8 36 46 128 54 18 23
1 2 3 22 16 27 67 4 9 49 10 41 78 87 189 15 26 55 6 146
1 2 4 9 10 41 46 6 5 32 75 83 56 57 228 145 47 246 88 227
1 2 3 4 22 7 16 27 64 9 15 38 6 234 10 26 67 5 87 94
1 2 4 6 5 8 51 11 58 223 256 293 25 295 65 32 33 271 57 260
1 2 4 3 6 22 9 25 5 27 32 7 16 57 84 49 64 15 168 26
1 2 3 4 22 6 7 25 9 16 49 64 5 78 27 179 38 33 10 46
1 2 4 6 3 5 25 8 11 7 18 44 103 95 90 51 12 58 263 14
1 2 4 9 15 26 3 6 22 27 84 123 10 55 62 63 67 16 187 215
1 2 3 22 27 7 4 9 17 15 19 30 84 20 29 35 59 34 31 43
1 2 4 9 10 6 41 15 46 3 75 25 83 47 88 246 56 54 158 22
1 2 3 22 16 27 84 7 64 49 85 17 40 67 62 63 191 187 215 30
1 2 4 3 6 5 7 18 32 28 8 76 17 155 57 167 25 196 51 107
1 2 3 22 16 64 4 6 5 49 85 191 27 78 7 248 214 99 32 173
1 2 3 7 22 16 64 4 18 38 49 234 27 9 249 17 99 255 264 10
1 2 4 6 25 5 8 32 130 212 54 274 51 275 23 279 77 281 318 11
1 2 3 4 9 15 22 19 16 27 26 84 6 128 64 5 32 67 10 57
1 2 3 7 22 18 16 4 6 64 9 15 5 32 25 27 54 89 57 130
1 2 4 6 25 9 54 23 10 15 77 147 3 239 46 19 280 328 33 22
1 2 3 22 27 7 67 17 40 84 87 4 94 30 6 25 250 59 74 265
1 2 4 6 3 7 25 33 91 36 176 185 5 54 32 178 268 267 9 277
1 2 3 22 4 27 6 9 10 67 41 5 15 146 87 26 19 128 8 7
1 2 3 22 16 64 27 4 67 9 38 7 6 84 5 18 123 17 28 76
1 2 3 4 22 9 10 7 16 15 46 49 78 18 19 20 35 44 21 85
1 2 4 6 9 15 5 26 55 19 8 20 10 211 29 25 174 41 33 36
1 2 4 6 25 3 9 5 10 46 54 15 33 47 246 266 303 278 32 7
1 2 3 7 17 4 18 40 30 59 79 127 6 251 284 282 80 269 68 81
1 2 4 6 5 32 9 25 57 15 130 8 19 20 29 11 51 58 212 73
1 2 3 22 27 7 4 6 17 40 25 18 16 49 48 102 33 270 67 87
1 2 3 4 9 6 10 46 15 25 47 22 54 16 19 23 77 5 49 147
1 2 4 3 7 18 22 9 17 6 16 27 15 40 5 84 49 64 78 62
1 2 4 6 3 22 5 25 9 15 16 32 26 64 38 33 130 54 133 99
1 2 3 22 7 4 17 27 18 44 40 67 86 87 84 123 16 6 9 112
1 2 3 4 7 22 27 17 30 16 34 9 92 84 49 59 193 40 48 79
1 2 4 3 6 5 9 8 7 15 10 19 51 41 75 25 18 83 145 17
1 2 3 7 4 6 9 22 25 33 10 54 15 23 19 20 21 26 18 5
1 2 4 3 7 18 17 30 59 74 28 301 6 106 34 305 37 9 287 22
1 2 3 7 17 18 44 28 40 76 4 107 9 106 48 6 10 155 66 15
1 2 4 9 10 3 7 6 18 17 28 25 54 15 76 107 33 23 41 75
1 2 4 9 6 10 41 3 88 46 5 158 15 47 272 204 273 276 8 289
1 2 4 3 7 22 9 6 16 17 18 44 15 25 28 19 76 86 95 49
1 2 4 6 5 3 8 9 7 22 25 54 27 89 32 23 17 82 111 18
1 2 3 7 17 18 44 86 132 95 125 141 97 206 22 27 322 4 84 124
1 2 3 4 6 9 7 5 18 32 25 33 57 91 36 73 10 22 16 115
1 2 3 7 17 4 9 30 18 28 6 34 92 193 292 25 59 74 285 33
1 2 3 4 7 22 16 6 9 64 5 8 17 40 32 25 11 33 15 26
1 2 4 6 5 8 25 11 54 3 7 9 22 32 18 57 27 89 103 10
1 2 3 22 4 27 16 6 64 99 38 133 25 7 9 54 49 67 10 146
1 2 3 22 4 27 84 16 9 64 67 10 7 6 25 18 54 49 78 62
1 2 4 3 6 7 17 40 25 48 54 5 60 32 22 30 89 16 142 18
1 2 3 7 22 27 84 123 112 138 67 283 146 118 17 16 40 64 99 38
1 2 4 9 6 5 25 33 36 161 288 91 10 176 115 98 178 185 46 104
1 2 4 9 3 22 10 46 56 27 6 25 227 47 54 89 246 84 15 228
1 2 4 3 22 16 27 7 67 87 189 146 17 40 94 102 270 9 294 30
1 2 3 22 27 7 4 67 87 17 84 18 9 28 62 76 15 189 30 6
1 2 4 3 6 7 22 18 17 16 25 40 44 27 54 28 106 67 5 84
1 2 4 9 15 19 26 6 10 5 55 46 56 20 3 128 41 21 134 32
1 2 3 7 22 4 17 27 40 84 30 34 48 59 79 74 80 92 66 102
1 2 3 7 4 9 17 6 22 27 5 8 32 25 67 18 15 54 11 130
1 2 4 9 6 25 3 7 18 44 5 33 17 22 91 36 32 57 95 97
1 2 4 6 5 25 8 33 11 3 12 22 27 54 16 32 57 84 7 73
1 2 3 22 27 84 123 67 112 62 118 217 300 315 146 16 87 304 64 296
1 2 4 6 3 25 7 22 33 9 54 23 77 89 15 16 19 36 120 17
1 2 4 3 7 6 17 25 18 54 30 59 33 44 40 79 74 48 28 22
1 2 4 3 6 5 7 8 11 9 15 18 28 10 76 19 107 32 20 103
1 2 3 22 27 16 64 84 49 4 67 62 63 146 85 139 140 38 87 191
1 2 3 4 6 7 5 8 18 51 22 25 44 32 130 17 30 9 10 40
1 2 4 6 9 3 15 5 19 26 21 55 10 211 24 128 290 41 22 32
1 2 4 3 6 7 17 5 9 40 30 8 22 10 41 34 27 88 32 158
1 2 3 4 7 18 28 44 17 95 76 107 125 106 181 199 9 307 15 297
1 2 4 9 15 6 25 10 41 5 46 75 56 19 88 47 154 158 227 228
1 2 4 6 9 10 41 3 88 204 208 316 5 158 289 201 232 32 57 73
1 2 3 7 4 6 18 17 22 28 44 95 40 16 30 86 76 34 102 121
1 2 4 9 15 10 26 19 41 21 75 88 128 204 24 158 180 201 313 134
1 2 4 9 3 6 5 7 18 28 17 76 15 44 106 30 181 25 107 95
1 2 4 3 22 16 49 85 7 64 191 78 179 17 210 248 262 38 311 310
1 2 3 4 6 7 17 30 40 25 22 54 33 89 5 48 102 270 16 49
1 2 4 6 9 10 3 5 22 25 15 16 7 41 75 32 54 154 33 64
1 2 4 9 3 22 15 6 7 26 17 40 19 27 18 102 21 30 84 48
1 2 3 22 4 16 49 6 7 27 18 44 67 17 95 28 9 15 125 76
1 2 3 7 4 18 22 6 25 33 54 23 77 9 16 147 36 10 46 176
1 2 3 4 9 6 22 27 84 10 15 41 123 75 7 112 18 44 95 62
1 2 3 7 4 17 40 18 22 16 44 64 30 99 59 74 70 38 27 317
1 2 3 4 9 22 16 64 7 17 99 100 6 5 15 30 10 19 46 38
1 2 3 4 22 7 16 9 15 10 19 21 46 20 41 47 88 56 26 128
1 2 3 22 4 9 6 25 27 15 67 33 54 91 84 98 23 19 115 20
1 2 3 7 17 4 9 6 18 15 26 40 44 30 102 95 22 48 125 28
1 2 4 3 22 27 6 16 64 49 84 123 99 7 62 78 25 5 100 179
1 2 4 3 22 27 67 16 6 87 84 9 189 49 225 314 64 62 324 78
1 2 4 9 15 26 55 3 128 211 170 290 148 10 183 19 238 20 299 257
1 2 3 4 22 7 18 28 76 27 6 107 17 40 25 44 48 155 33 102
1 2 3 7 18 28 106 17 40 166 76 44 102 95 30 121 320 86 270 59
1 2 4 6 25 54 9 10 33 15 23 82 41 19 321 36 91 326 354 26
1 2 4 6 3 5 7 22 18 27 8 28 106 16 49 78 84 76 181 9
1 2 3 7 22 18 4 44 9 17 15 86 26 30 34 27 40 95 92 97
1 2 3 7 17 40 4 6 5 8 51 22 102 18 44 95 9 16 65 235
1 2 3 7 18 44 4 28 9 106 6 181 213 329 76 86 286 10 332 155
1 2 3 4 7 18 28 22 6 25 76 106 16 44 33 17 27 5 84 40
1 2 3 4 9 22 16 6 5 27 84 15 67 62 26 187 7 18 32 57
1 2 3 7 4 22 9 15 19 16 64 26 55 18 211 290 38 234 28 76
1 2 4 6 3 5 8 25 9 32 11 33 12 10 14 36 7 22 17 18
1 2 4 9 15 6 3 5 10 25 19 22 46 41 21 47 8 272 27 56
1 2 4 9 15 19 21 20 134 144 29 325 159 26 10 165 291 24 46 306
1 2 4 9 6 10 15 3 26 41 75 46 47 128 56 154 272 227 228 172
1 2 3 4 7 18 17 9 28 10 15 19 20 6 46 56 44 86 129 35
1 2 3 7 22 17 27 16 40 102 64 99 49 4 67 78 6 146 173 70
1 2 4 3 6 9 7 10 15 26 5 25 33 54 128 17 41 36 30 91
1 2 3 22 27 67 7 17 16 18 44 49 78 84 40 95 87 179 86 123
1 2 3 22 27 67 146 151 4 16 218 149 139 333 84 327 340 334 140 87
1 2 4 6 25 9 33 5 15 8 3 22 19 32 10 57 51 20 73 7
1 2 4 9 6 25 3 10 15 46 56 227 41 54 7 89 111 75 18 88
1 2 4 3 7 9 22 17 16 49 15 40 102 121 30 18 28 78 10 85
1 2 4 9 15 3 19 22 21 134 27 67 84 6 62 87 144 10 123 5
1 2 4 9 10 3 15 22 19 7 6 26 20 35 128 18 31 16 55 41
1 2 3 4 9 6 5 25 33 8 11 10 41 54 7 12 15 26 46 128
1 2 4 3 22 7 6 9 16 64 15 10 46 5 19 56 26 228 128 335
1 2 4 3 9 7 10 15 18 41 17 40 26 55 88 290 22 6 102 28
1 2 3 22 16 4 9 10 7 6 49 5 17 25 8 33 41 78 91 36
1 2 3 4 7 6 5 22 8 11 12 9 51 27 32 25 10 18 46 103
1 2 3 4 22 27 9 10 46 47 56 6 15 19 41 25 75 67 5 33
1 2 3 7 4 18 22 17 40 102 44 86 30 132 6 59 5 270 25 32
1 2 3 7 17 22 16 18 49 64 40 48 30 28 78 66 173 27 4 38
1 2 4 6 3 7 17 30 9 59 79 80 40 18 68 22 5 342 127 48
1 2 3 4 6 5 9 10 46 22 41 75 25 7 15 27 17 8 54 18
1 2 3 4 9 10 41 75 88 7 46 204 6 17 15 22 26 25 5 8
1 2 3 4 6 7 17 40 48 9 10 60 61 308 71 309 302 15 26 312
1 2 4 3 9 10 6 7 5 8 18 51 17 22 15 41 46 27 19 67
1 2 4 6 3 9 5 32 7 18 17 40 48 8 28 76 102 121 155 11
1 2 3 7 22 17 16 40 102 121 347 270 349 48 345 331 348 60 336 4
1 2 3 7 17 30 59 40 79 74 34 92 18 28 48 193 80 66 102 106
1 2 3 22 16 4 27 84 49 78 7 179 9 356 173 357 123 6 18 337
1 2 3 7 22 17 18 16 44 64 30 49 28 99 85 70 317 210 100 27
1 2 4 9 15 26 19 6 55 5 8 211 21 290 20 35 32 338 343 350
1 2 3 7 22 27 16 18 64 17 28 76 84 44 40 102 155 62 30 4
1 2 3 4 9 15 10 7 17 22 30 41 40 16 59 6 48 5 75 88
1 2 4 6 3 5 8 25 32 22 54 16 7 89 49 51 130 64 111 85
1 2 3 4 7 9 6 5 32 57 10 17 8 46 168 47 30 11 209 103
1 2 3 22 16 49 85 7 78 173 64 18 27 38 67 17 191 133 358 4
1 2 4 3 9 6 5 8 22 51 27 25 58 223 84 32 7 62 365 63
1 2 4 3 7 18 17 30 6 40 48 5 60 142 102 121 270 22 34 37
1 2 4 9 6 3 15 10 46 22 26 19 41 55 290 7 88 18 47 28
1 2 4 9 15 10 19 26 21 20 134 144 3 128 41 165 55 298 29 339
1 2 3 4 9 6 7 17 15 18 30 22 44 95 59 97 16 125 26 27
1 2 4 9 10 6 46 5 8 51 15 47 32 26 56 272 228 227 41 273
1 2 3 22 4 7 16 49 9 10 18 78 15 44 173 179 95 6 26 64
1 2 4 6 5 25 54 32 23 89 57 130 77 33 113 3 360 120 7 82
1 2 4 6 3 7 17 40 30 9 34 10 102 15 41 37 92 270 366 374
1 2 4 9 10 46 47 272 3 246 22 303 278 56 273 361 368 228 15 364
1 2 3 7 18 44 4 9 15 95 10 97 124 41 46 88 47 131 19 56
1 2 3 7 17 30 34 40 4 92 193 9 22 10 102 18 121 347 292 41
1 2 4 9 15 26 128 10 46 3 55 211 47 41 56 75 154 19 22 170
1 2 3 22 7 4 27 6 25 33 5 18 16 36 67 64 8 87 49 146
1 2 4 6 3 5 8 7 11 103 18 90 17 32 130 212 57 30 40 59
1 2 3 4 9 15 6 22 27 26 67 84 16 10 146 151 19 46 7 55
1 2 3 4 6 7 25 18 44 5 33 17 22 28 86 30 59 79 34 91
1 2 3 7 17 30 4 9 15 22 59 40 79 16 64 48 34 102 92 66
1 2 4 6 3 25 54 22 9 5 89 8 32 16 7 10 57 27 111 41
1 2 3 4 9 7 18 28 44 17 95 76 6 86 22 97 132 10 25 155
1 2 4 6 9 10 3 22 41 88 15 19 21 46 158 56 228 134 26 7
1 2 4 9 6 25 15 10 5 41 88 26 3 19 75 158 33 154 201 367
1 2 3 4 6 22 5 16 49 64 9 85 191 99 7 18 17 30 100 59
1 2 3 22 16 27 64 84 49 62 4 6 38 234 7 249 99 319 25 18
1 2 4 6 3 25 5 22 33 8 27 9 16 49 15 26 51 91 11 54
1 2 4 3 22 16 9 64 38 10 99 6 25 7 18 70 100 15 49 17
1 2 4 6 25 54 33 36 91 115 161 176 98 69 109 3 22 288 372 93
1 2 3 4 7 9 18 44 95 97 86 22 15 6 125 137 5 124 129 330
1 2 4 3 7 18 9 15 19 22 17 27 30 10 21 59 20 84 34 16
1 2 3 7 22 27 84 62 18 44 187 123 190 323 194 16 4 64 38 355
1 2 3 22 27 84 123 16 217 7 67 49 296 363 377 85 62 375 381 378
1 2 4 3 6 7 18 25 28 5 17 54 44 106 30 8 95 125 40 22
1 2 3 4 22 9 6 25 15 26 128 33 7 27 16 170 84 230 49 241
1 2 4 6 25 33 91 9 54 98 89 3 5 22 109 115 16 104 36 64
1 2 3 22 7 18 17 28 30 76 34 27 37 92 16 359 155 59 49 380
1 2 3 7 17 40 4 30 22 9 6 16 15 26 10 48 55 64 59 19
1 2 3 4 22 6 27 7 67 5 17 9 18 146 28 87 189 44 16 32
1 2 4 3 22 9 15 27 19 84 26 67 146 151 218 21 62 149 128 333
1 2 3 22 16 49 7 17 4 27 18 78 67 179 44 9 15 337 30 34
1 2 4 6 9 5 25 32 10 46 54 33 47 3 7 246 91 15 89 115
1 2 3 4 6 7 17 9 10 30 59 18 46 74 301 40 44 22 79 127
1 2 4 9 6 25 10 5 8 33 91 98 115 69 46 51 11 117 32 57
1 2 3 4 7 9 10 22 15 26 6 41 5 75 154 83 16 55 367 382
1 2 3 22 16 7 18 4 28 106 49 166 85 181 64 76 191 155 248 210
1 2 4 9 10 15 19 46 21 47 272 6 24 3 180 20 41 7 29 370
1 2 3 7 4 6 17 18 40 48 28 9 60 76 10 44 106 41 88 155
1 2 4 3 9 10 46 22 6 15 41 25 88 7 26 128 19 170 158 56
1 2 3 22 27 67 87 189 314 94 84 62 123 373 387 146 388 16 344 139
1 2 3 7 22 27 84 62 17 4 67 16 123 217 383 146 139 140 153 18
1 2 3 22 27 67 16 49 146 7 84 85 64 139 78 151 18 152 191 28
1 2 4 6 25 5 8 3 33 91 7 98 22 27 18 9 10 11 109 41
1 2 4 6 3 22 27 84 5 123 67 8 11 12 25 7 146 18 28 44
1 2 4 6 5 9 3 32 10 22 130 15 19 57 212 73 175 16 27 353
1 2 4 6 3 5 9 10 32 22 7 25 17 41 18 75 83 28 57 106
1 2 4 9 10 6 3 7 22 5 27 18 25 54 89 41 44 95 86 28
1 2 4 6 5 8 25 33 54 91 98 104 89 113 3 23 384 22 243 11
1 2 3 4 9 10 15 7 18 6 41 19 22 17 21 25 75 5 154 24
1 2 4 9 3 10 6 41 88 204 15 25 46 158 54 208 289 56 362 33
1 2 4 6 25 9 10 3 5 54 23 33 46 91 77 82 7 18 15 44
1 2 4 3 7 18 17 6 9 44 30 59 10 28 76 86 25 46 33 15
1 2 4 3 6 9 5 25 15 33 26 10 8 54 51 36 91 58 89 65
1 2 3 7 4 6 17 18 5 32 22 30 25 130 33 171 91 9 10 59
1 2 4 6 25 5 3 22 16 7 49 27 67 146 151 17 85 78 40 102
1 2 3 22 27 67 87 7 16 4 146 189 225 64 94 38 139 314 324 18
1 2 3 7 17 18 44 95 4 6 5 86 40 28 125 102 22 25 54 97
1 2 4 6 3 7 5 8 25 22 27 11 103 32 130 90 346 18 212 352
1 2 4 3 7 18 6 9 22 10 28 76 107 15 108 5 16 44 8 41
1 2 4 9 10 15 3 7 22 6 18 25 44 5 41 75 88 204 95 289
1 2 4 3 6 9 5 22 25 16 10 33 64 38 46 234 56 7 47 246
1 2 3 4 22 6 25 27 5 54 32 16 84 123 23 130 33 171 62 386
1 2 4 9 15 3 26 128 7 55 211 6 170 22 338 238 17 18 148 25
1 2 4 3 9 22 27 16 67 84 49 6 10 146 78 46 7 87 17 5
1 2 3 4 7 18 17 28 76 6 155 40 167 25 5 106 107 196 181 8
1 2 4 9 3 7 22 18 17 28 76 155 40 106 48 66 122 163 114 390
1 2 3 4 9 22 6 5 15 25 54 8 27 32 23 57 130 89 33 19
1 2 4 9 6 5 15 3 8 25 54 26 23 10 46 82 51 56 55 41
1 2 4 3 7 17 40 102 6 9 25 54 270 5 18 33 22 121 126 366
1 2 3 7 22 4 18 6 9 5 8 17 25 40 28 102 10 41 27 33
1 2 3 4 22 16 6 9 49 10 27 64 99 5 84 100 67 87 94 70
1 2 3 4 22 9 10 15 7 26 128 55 16 19 290 211 391 351 21 49
1 2 4 9 6 3 10 7 15 22 41 16 27 75 17 30 83 84 25 64
1 2 4 3 7 17 18 22 6 27 44 25 16 30 95 49 28 85 86 210
1 2 3 7 4 18 44 95 125 17 97 236 22 124 9 16 28 49 240 15
1 2 4 9 15 19 6 25 21 134 20 144 298 33 26 29 10 128 165 339
1 2 4 3 6 5 8 32 7 51 58 25 65 223 256 9 365 235 18 44
1 2 4 6 25 33 36 5 54 23 82 8 9 164 395 11 321 385 3 341
1 2 4 9 10 15 6 26 128 46 3 19 22 47 27 67 55 246 7 18
1 2 3 22 4 27 9 6 16 15 5 64 84 7 18 62 32 99 26 8
1 2 4 6 3 7 5 8 22 17 40 18 44 28 95 125 51 48 86 16
1 2 4 6 9 15 26 128 148 170 19 403 230 241 183 369 371 245 257 21
1 2 4 3 7 17 22 40 48 102 18 16 270 331 66 122 6 60 397 27
1 2 4 6 9 3 15 26 7 25 33 91 10 54 46 128 55 115 211 5
1 2 3 4 6 25 33 22 27 36 7 161 54 288 67 84 176 178 146 9
1 2 4 9 10 15 46 19 47 6 20 56 29 159 41 174 188 75 83 392
1 2 3 7 17 18 30 44 59 4 9 95 6 125 25 15 79 5 97 40
1 2 3 7 22 4 27 17 30 9 59 74 79 15 26 16 96 64 19 99
1 2 3 4 7 17 30 40 34 9 102 59 22 48 27 16 6 25 84 60
1 2 3 7 18 44 86 4 129 28 247 132 22 27 6 16 84 9 67 95
1 2 4 6 3 22 9 15 25 26 19 55 5 54 7 33 10 91 41 36
1 2 3 22 4 27 6 5 9 16 67 64 87 7 146 94 32 10 25 84
1 2 3 7 17 40 102 18 270 22 44 331 28 106 405 48 121 166 376 27
1 2 4 3 6 5 8 25 32 51 22 57 33 11 54 36 130 12 27 65
1 2 3 22 4 27 16 64 99 38 67 234 6 249 49 85 210 5 84 25
1 2 4 6 25 3 22 33 5 9 16 64 8 11 51 91 49 85 65 36
1 2 3 4 9 7 15 26 55 6 19 10 5 46 8 56 51 21 290 25
1 2 4 6 9 10 46 5 41 75 47 56 8 246 3 83 272 25 227 154
1 2 4 9 10 3 22 46 56 227 228 6 16 379 64 7 99 222 38 70
1 2 3 7 4 9 10 46 56 22 15 41 19 227 75 47 16 246 20 35
1 2 4 6 25 5 3 32 130 33 54 36 161 23 176 178 77 89 82 22
1 2 3 7 18 4 9 10 28 15 44 22 86 16 19 20 46 29 76 26
1 2 4 6 9 5 8 32 130 3 22 212 16 15 171 10 41 46 26 7
1 2 4 9 6 10 46 56 3 7 22 47 25 27 18 15 227 44 246 19
1 2 4 9 3 22 10 15 6 7 41 75 46 83 18 154 145 398 409 88
1 2 3 4 7 22 27 6 84 67 5 87 8 62 32 57 25 94 63 168
1 2 4 3 7 9 6 18 15 19 20 35 31 28 39 43 25 17 50 54
1 2 3 4 6 22 9 16 64 25 99 54 23 7 49 33 18 36 176 28
1 2 4 9 15 26 19 3 55 10 22 16 27 20 46 41 211 35 47 43
1 2 3 7 22 27 84 67 17 30 34 16 37 146 359 151 87 64 218 139
1 2 3 4 7 6 25 54 18 28 22 17 40 33 91 44 36 98 176 9
1 2 3 7 18 22 27 16 17 49 4 64 28 106 84 62 9 30 59 181
1 2 4 9 6 3 5 32 130 15 7 10 22 212 19 274 8 27 11 41
1 2 3 22 16 64 99 49 38 85 191 4 234 100 27 67 146 214 255 84
1 2 4 6 25 33 9 91 98 3 109 110 22 101 104 384 15 7 396 415
1 2 4 6 9 3 5 7 8 18 51 22 10 32 44 15 86 11 130 16
1 2 4 3 22 27 16 49 78 173 84 85 123 423 9 191 214 248 112 64
1 2 3 22 16 27 84 67 123 49 62 78 187 4 173 423 146 112 179 85
1 2 4 3 6 9 7 15 25 22 27 54 5 89 26 111 33 84 67 123
1 2 3 4 7 17 30 18 34 37 92 380 22 389 359 193 27 44 95 410
1 2 4 9 3 7 17 30 10 59 74 34 18 22 6 41 28 79 5 8
1 2 3 4 22 6 27 25 84 54 123 23 89 111 7 207 5 8 113 33
1 2 3 22 16 27 67 64 87 84 4 99 123 189 225 146 70 62 314 100
1 2 3 7 17 40 22 48 102 121 270 366 126 60 331 142 405 16 406 394
1 2 3 4 22 6 7 18 9 25 15 5 54 89 8 28 19 10 76 106
1 2 3 22 16 4 49 78 173 7 18 27 67 84 423 9 10 64 38 179
1 2 4 9 15 3 26 7 10 18 46 56 128 19 6 227 408 55 290 17
1 2 3 4 9 7 6 10 18 5 28 46 17 25 8 22 15 27 33 106
1 2 4 6 5 3 32 22 25 16 27 67 87 54 9 23 49 57 15 94
1 2 3 4 7 17 9 15 6 22 10 40 19 5 16 27 32 67 18 8
1 2 3 4 7 17 30 18 44 9 86 132 219 34 129 421 399 92 40 401
1 2 4 3 7 22 18 44 27 86 17 129 247 16 252 244 6 25 419 64
1 2 4 6 25 5 9 54 32 57 8 89 113 23 10 130 168 41 82 11
1 2 3 7 22 18 28 17 16 106 40 76 30 166 4 411 426 27 435 34
1 2 4 6 25 9 33 15 54 3 7 19 26 10 18 23 46 44 56 228
1 2 3 22 7 27 17 40 16 84 67 4 87 64 9 62 94 187 99 294
1 2 4 9 15 10 19 3 6 7 5 41 75 26 128 8 18 83 55 28
1 2 3 22 27 7 67 16 146 151 139 140 17 87 84 62 40 94 153 18
1 2 4 6 3 9 5 32 8 7 130 212 22 15 27 11 432 19 25 10
1 2 3 22 7 18 4 27 28 106 44 6 166 86 9 132 219 129 421 141
1 2 3 22 4 7 16 27 6 5 84 123 8 62 49 9 10 64 51 46
1 2 3 4 9 10 7 18 41 15 44 6 19 26 20 88 86 25 21 129
1 2 3 4 6 9 5 7 10 8 46 17 51 11 30 18 32 40 22 15
1 2 4 9 15 3 6 22 26 55 25 19 7 21 54 5 20 23 16 32
1 2 4 9 6 10 41 88 5 32 57 168 130 15 19 75 25 21 8 83
1 2 4 9 10 3 22 7 17 40 18 102 15 48 44 6 26 95 25 55
1 2 3 4 6 25 7 9 18 54 28 89 113 5 243 15 437 17 439 23
1 2 4 3 7 18 22 6 17 9 5 28 16 30 49 27 67 44 86 87
1 2 3 7 17 4 6 25 54 40 89 18 102 111 44 9 33 36 23 221
1 2 3 22 4 9 6 15 25 26 5 54 7 10 19 17 16 27 128 170
1 2 3 4 9 22 15 10 19 21 6 16 64 46 27 84 7 5 20 134
1 2 4 6 5 25 3 33 91 36 161 9 8 10 11 22 15 41 98 176
1 2 3 4 9 15 6 25 5 33 32 26 54 128 7 55 19 148 290 393
1 2 3 22 16 4 6 64 9 7 5 38 234 49 85 8 25 27 11 210
1 2 3 7 18 22 27 16 17 49 78 44 28 85 191 30 214 84 4 9
1 2 3 4 6 7 9 5 17 40 22 8 16 30 15 11 32 64 49 48
1 2 3 22 16 49 4 6 64 5 7 99 25 27 100 85 191 78 150 33
1 2 3 22 4 9 27 6 25 5 10 7 54 8 18 44 95 86 23 125
1 2 4 9 10 15 26 128 46 47 19 55 41 211 21 170 246 230 75 290
1 2 3 22 4 16 7 6 49 17 30 9 85 15 19 21 34 37 287 24
1 2 4 3 6 7 18 9 22 15 17 19 28 25 16 20 44 64 86 26
1 2 3 7 22 17 4 16 64 38 99 18 100 40 49 44 102 27 133 9
1 2 3 7 18 4 28 106 9 15 19 26 17 10 30 166 6 128 40 170
1 2 3 4 6 9 15 5 10 25 46 8 22 19 41 33 20 56 29 32
1 2 4 9 10 15 26 55 19 6 41 46 56 5 88 47 246 266 228 25
1 2 4 6 3 9 10 7 17 46 30 22 47 18 25 34 54 56 27 16
1 2 3 4 6 5 32 8 22 7 9 130 57 212 16 73 51 171 105 27
1 2 3 22 27 67 87 146 139 140 143 4 84 413 152 420 424 431 427 429
1 2 3 22 4 7 17 18 28 76 44 9 95 97 15 155 167 10 137 107
1 2 3 7 4 6 17 25 22 30 27 84 62 5 33 91 40 63 36 224
1 2 3 7 22 17 27 84 4 123 40 16 62 6 5 48 67 102 187 66
1 2 3 22 7 27 16 64 4 6 25 9 38 99 15 84 67 19 20 17
1 2 4 3 7 6 25 17 22 5 18 16 49 44 33 8 27 9 54 64
1 2 4 3 9 7 6 5 15 18 22 27 17 84 16 30 62 64 10 59
1 2 4 6 25 54 9 15 5 89 113 33 91 36 23 115 82 26 19 243
1 2 4 9 10 46 56 15 227 6 228 3 335 433 47 402 379 407 246 440
1 2 3 22 4 7 18 9 28 106 17 76 40 107 10 162 155 425 436 46
1 2 4 9 6 10 15 19 21 46 5 32 26 57 41 73 128 105 20 35
1 2 3 7 4 6 22 17 5 25 33 27 32 8 9 51 18 67 57 91
1 2 3 22 16 64 49 99 70 317 85 38 100 191 27 442 448 210 417 78
1 2 4 6 25 33 3 22 9 91 7 15 36 115 19 10 161 372 16 444
1 2 4 3 22 7 17 30 9 40 59 48 74 96 34 15 301 37 60 10
1 2 4 9 15 19 20 26 3 55 21 22 6 128 35 43 25 7 29 17
1 2 3 7 22 4 9 16 49 64 78 18 28 6 38 10 25 27 44 95
1 2 3 22 16 7 49 17 85 40 210 27 456 30 67 84 34 458 102 78
1 2 3 7 18 44 4 95 97 28 86 129 137 125 76 247 200 17 9 330
1 2 4 6 9 3 5 15 10 26 41 8 75 128 154 148 367 403 46 88
1 2 3 7 4 18 22 28 76 16 44 49 17 155 86 106 30 85 59 6
1 2 4 9 10 15 19 6 21 24 26 180 3 313 22 46 56 25 27 33
1 2 3 4 7 18 28 44 76 9 6 17 10 107 40 155 22 102 27 30
1 2 3 7 17 4 30 6 59 18 79 5 22 27 84 67 146 62 9 44
1 2 4 3 6 22 27 84 25 54 16 64 123 33 67 99 49 36 146 87
1 2 4 3 9 22 16 27 84 49 85 10 123 217 78 383 173 423 210 464
1 2 4 6 3 5 32 130 7 171 25 212 451 9 15 18 17 457 26 10
1 2 3 7 17 4 30 40 22 102 121 9 34 18 28 92 347 37 106 76
1 2 4 3 9 22 27 67 84 146 151 15 139 218 19 152 16 123 459 21
1 2 3 22 16 64 38 27 67 7 49 4 18 9 99 84 78 44 173 62
1 2 4 3 7 22 18 17 16 9 28 64 44 30 76 59 49 27 86 40
1 2 4 9 15 26 19 21 6 20 24 5 3 22 7 18 44 27 55 205
1 2 3 7 18 44 17 28 40 48 86 22 4 66 9 132 15 219 404 26
1 2 3 7 17 30 4 34 9 18 37 40 48 66 59 74 28 15 19 122
1 2 4 9 15 10 19 3 20 21 6 25 41 22 88 54 7 89 204 26
1 2 4 6 9 15 25 10 5 33 36 54 26 91 32 89 128 98 19 130
1 2 4 6 3 22 7 27 17 40 25 48 33 67 102 84 54 30 60 61
1 2 4 9 15 19 6 20 5 29 159 400 35 3 418 428 412 416 25 434
1 2 4 3 7 9 6 25 17 18 22 54 44 40 15 86 28 132 27 30
1 2 4 9 6 5 25 32 3 33 10 8 46 47 54 7 89 51 91 65
1 2 3 7 17 30 40 59 102 22 79 74 80 301 305 4 414 81 48 34
1 2 3 7 17 18 44 4 6 25 40 9 54 48 89 33 111 207 22 16
1 2 4 9 15 6 3 26 22 16 128 10 25 33 46 55 5 49 27 170
1 2 3 4 9 7 18 6 25 54 22 28 33 44 16 5 86 89 15 106
1 2 4 9 6 3 5 25 32 130 212 10 432 7 41 467 478 57 17 274
1 2 4 9 3 7 17 30 40 18 28 22 6 102 15 121 26 19 270 59
1 2 4 6 25 54 5 3 23 9 33 10 77 120 32 36 57 147 73 168
1 2 3 7 4 6 22 27 17 67 25 84 54 123 87 33 112 189 36 18
1 2 4 6 9 25 33 54 15 26 5 8 10 19 51 58 20 65 41 260
1 2 4 9 3 6 15 19 20 5 10 32 29 26 55 35 21 211 41 130
1 2 3 4 9 6 22 7 18 15 17 10 27 44 86 95 19 125 16 46
1 2 3 4 9 10 41 46 56 15 227 228 19 6 408 446 5 7 75 222
1 2 4 9 3 7 22 27 16 67 18 28 17 15 10 41 84 75 76 19
1 2 4 6 5 9 10 25 32 33 8 36 176 161 185 372 91 178 268 15
1 2 4 9 6 10 41 88 5 204 158 8 32 201 422 11 51 15 58 208
1 2 3 7 4 18 28 9 17 30 34 15 26 10 46 40 55 56 47 272
1 2 3 4 7 6 18 28 17 40 44 5 30 34 102 270 25 86 132 33
1 2 4 6 5 32 8 57 11 51 168 9 209 58 223 3 365 22 7 293
1 2 4 3 22 9 27 15 6 25 7 26 17 18 54 55 290 438 10 33
1 2 4 6 25 3 22 7 16 64 33 9 49 85 99 78 91 17 15 36
1 2 3 7 17 4 22 18 9 6 15 30 19 34 25 44 21 95 92 20
1 2 4 3 7 22 6 5 27 8 51 65 58 235 67 256 447 271 453 463
1 2 4 3 9 22 6 25 10 15 26 7 27 18 28 106 5 55 67 46
1 2 4 9 3 7 10 46 22 27 17 41 15 84 19 30 20 34 88 6
1 2 4 3 9 15 7 22 26 128 18 17 148 10 393 445 19 16 20 403
1 2 3 4 7 6 18 44 86 129 28 5 8 95 17 11 12 13 22 51
1 2 3 4 6 5 32 130 8 7 51 11 17 65 235 12 58 453 30 260
1 2 3 7 18 17 4 44 30 40 59 86 48 95 97 124 22 6 60 74
1 2 3 7 18 17 22 40 4 102 44 28 6 16 121 5 25 54 126 48
1 2 3 22 4 6 27 67 146 9 84 15 25 87 33 139 140 152 54 189
1 2 3 7 4 17 18 44 9 22 27 15 30 95 26 55 40 16 19 84
1 2 4 6 9 25 3 7 33 15 5 36 10 46 161 32 130 18 288 17
1 2 4 9 6 25 3 5 7 15 17 10 54 23 77 89 33 30 59 18
1 2 4 6 9 15 26 3 7 55 22 25 16 290 27 67 438 64 19 49
1 2 3 4 6 25 7 54 9 10 22 33 46 91 41 27 18 44 5 8
1 2 3 4 9 15 22 26 16 10 49 46 78 6 41 19 173 21 55 27
1 2 4 6 3 7 25 5 54 18 22 44 86 129 8 11 16 132 219 95
1 2 4 3 7 22 18 17 16 30 64 34 44 99 6 37 86 70 9 100
1 2 4 3 6 9 25 5 54 8 22 15 16 33 26 19 7 51 55 89
1 2 4 9 15 19 26 10 6 25 3 5 46 47 20 41 56 272 370 246
1 2 4 9 10 41 46 15 88 19 204 21 75 26 128 55 211 83 170 20
1 2 3 22 16 7 64 49 78 99 4 179 173 85 356 38 6 9 100 5
1 2 3 22 16 27 4 67 9 49 7 64 99 18 84 146 15 100 62 19
1 2 4 6 9 15 10 3 19 25 33 20 26 128 29 54 89 22 41 5
1 2 3 4 6 9 7 5 8 17 18 51 11 32 10 57 28 41 12 30
1 2 3 22 16 64 38 49 85 191 214 78 173 234 465 210 254 179 337 248
1 2 3 7 18 17 30 28 106 166 181 320 452 40 102 468 441 450 454 474
1 2 4 6 5 32 25 57 73 3 168 33 8 105 197 36 91 9 15 209
1 2 4 9 6 25 33 10 3 36 46 7 41 56 161 75 91 22 88 18
1 2 3 7 4 9 15 19 22 20 27 35 84 6 10 21 18 134 28 29
1 2 4 6 5 25 9 3 54 89 7 32 33 57 36 130 8 111 171 15
1 2 3 4 22 27 84 123 7 67 146 62 9 15 87 189 10 139 151 152
1 2 3 22 4 6 9 10 27 67 16 64 49 7 46 99 38 70 460 84
1 2 3 4 9 22 27 15 67 6 84 62 16 49 25 123 19 54 87 23
1 2 4 3 7 22 27 84 18 28 106 62 6 16 44 67 64 99 95 87
1 2 3 7 4 22 16 6 18 17 64 44 9 99 38 40 10 100 5 95
1 2 4 3 6 22 5 9 10 46 32 27 84 25 56 130 41 212 7 15
1 2 4 6 5 3 32 22 8 130 212 11 9 27 15 51 10 12 16 46
1 2 4 3 9 7 6 25 15 10 46 56 228 335 26 227 5 8 33 91
1 2 4 6 9 25 33 91 3 7 54 22 27 18 5 115 98 89 117 28
1 2 3 4 6 5 32 7 22 25 130 171 27 18 33 212 274 451 275 279
1 2 3 7 18 44 17 86 95 4 132 125 219 404 28 236 237 76 107 430
1 2 4 6 5 8 25 33 36 32 11 91 98 51 3 22 58 57 109 256
1 2 4 3 7 9 15 19 17 22 10 18 21 30 27 20 35 6 29 84
1 2 4 9 3 22 10 41 7 88 16 27 18 6 28 46 56 5 67 8
1 2 4 9 6 25 5 10 8 41 32 54 3 130 33 15 22 51 75 19
1 2 4 3 9 6 10 15 25 54 26 19 55 22 33 16 128 170 5 36
1 2 3 7 4 22 16 18 49 17 78 6 85 173 5 470 30 25 482 191
1 2 3 22 16 49 27 7 64 18 99 85 44 17 38 28 106 70 181 84
1 2 4 3 6 7 17 9 10 18 28 25 44 46 86 76 155 167 196 30
1 2 4 6 3 7 17 40 22 102 27 48 84 62 270 123 9 18 60 142
1 2 3 22 16 7 4 6 5 9 8 51 25 18 10 49 65 28 235 58
1 2 3 7 18 4 9 22 6 44 17 27 95 5 67 87 8 94 294 40
1 2 3 4 22 16 7 17 64 30 27 6 59 84 79 40 5 74 49 18
1 2 3 4 7 22 16 6 27 64 99 67 84 87 189 17 70 62 38 317
1 2 4 3 22 7 27 18 28 6 25 17 9 76 84 30 15 54 107 162
1 2 3 7 18 28 22 106 17 181 4 166 44 213 27 86 67 76 329 320
1 2 3 7 4 9 15 26 55 6 18 19 5 128 20 170 25 211 44 95
1 2 4 3 6 25 33 9 5 15 10 46 8 32 7 11 91 57 17 22
1 2 3 22 4 7 17 30 27 59 9 40 84 6 67 87 18 189 48 28
1 2 4 3 6 25 5 32 22 16 8 54 89 51 113 64 27 243 49 85
1 2 4 9 6 3 5 8 51 7 10 25 54 46 17 15 40 65 26 58
1 2 4 6 5 32 25 54 8 57 11 73 105 33 36 176 185 267 23 91
1 2 3 7 18 17 22 40 28 30 44 34 48 4 6 102 106 86 27 84
1 2 3 4 6 5 7 9 10 15 46 26 128 19 21 17 40 18 25 134
1 2 4 3 22 7 18 17 40 6 30 48 16 102 66 34 60 270 366 49
1 2 3 7 4 9 22 6 17 15 18 16 40 44 5 10 49 32 30 85
1 2 4 9 15 6 26 19 20 55 25 33 36 128 3 170 176 178 211 338
1 2 3 22 16 7 27 49 4 17 67 78 146 84 62 87 30 34 59 173
1 2 4 6 5 32 130 8 3 9 51 7 22 10 65 15 46 56 19 227
1 2 4 6 9 10 41 5 25 15 26 54 19 32 46 3 89 7 33 21
1 2 3 22 4 16 64 49 9 6 5 99 70 27 15 85 32 317 191 248
1 2 3 4 6 25 33 5 54 89 9 32 111 91 36 8 221 22 443 51
1 2 4 3 9 7 6 10 46 5 56 228 22 17 335 16 47 227 41 379
1 2 4 9 10 6 5 25 3 54 15 7 41 18 89 44 111 86 28 33
1 2 4 3 22 9 16 49 78 179 7 64 173 15 27 6 5 26 32 18
1 2 4 6 5 3 25 8 9 10 22 7 27 46 54 41 11 17 15 16
1 2 4 6 25 54 23 33 36 89 111 161 91 5 82 98 115 77 117 449
1 2 3 4 22 16 9 10 7 18 28 46 64 56 41 27 228 227 408 49
1 2 3 4 22 9 6 27 15 7 19 84 21 24 205 180 123 455 62 466
1 2 4 6 25 3 9 33 7 15 54 36 176 17 89 26 128 30 111 113
1 2 4 6 5 8 51 32 3 57 73 130 105 476 462 171 22 11 103 25
1 2 3 7 18 4 6 28 5 32 8 25 130 106 17 54 57 33 212 91
1 2 4 3 9 10 6 46 47 246 272 56 303 15 228 26 25 5 128 170
1 2 4 9 15 26 55 128 3 290 19 7 18 44 28 17 20 148 30 59
1 2 4 6 3 9 7 18 28 15 22 106 25 26 181 19 76 199 307 166
1 2 3 4 9 6 22 25 33 54 7 5 16 8 11 23 10 36 41 176
1 2 4 6 3 5 7 22 9 18 17 44 25 40 15 8 32 28 19 26
1 2 3 7 17 22 16 64 38 27 49 67 87 189 314 99 18 4 9 28
1 2 3 7 17 18 40 30 28 22 16 44 106 76 48 86 60 27 49 142
1 2 4 9 10 41 15 19 21 3 6 7 134 22 20 24 180 16 466 46
1 2 3 7 22 18 27 44 17 95 16 67 84 146 86 139 97 30 4 152
1 2 4 9 3 22 16 49 85 191 210 254 248 7 18 10 17 64 78 6
1 2 4 9 3 10 6 46 25 15 19 5 7 56 33 36 26 17 176 185
1 2 3 7 18 44 95 125 4 236 237 86 97 17 129 240 461 137 247 30
1 2 4 6 9 10 46 3 25 41 33 15 19 91 22 26 16 49 75 154
1 2 4 9 10 6 15 19 3 20 46 5 7 35 32 8 11 47 130 31
1 2 4 9 3 22 16 10 41 15 27 46 19 84 26 64 55 75 123 88
1 2 3 4 7 9 17 10 40 18 46 44 28 47 95 106 30 34 166 37
1 2 3 22 16 27 49 7 18 17 85 28 44 84 106 166 191 95 320 210
1 2 3 22 7 27 84 16 123 49 85 64 217 112 78 383 464 18 173 99
1 2 3 7 4 18 28 22 16 49 6 25 27 64 33 9 5 8 15 38
1 2 3 4 6 7 18 5 17 28 44 76 22 30 25 16 34 49 85 78
1 2 3 22 27 16 7 18 4 6 67 9 64 99 49 44 78 28 15 179
1 2 3 4 7 6 22 27 67 9 5 87 8 17 32 84 25 30 18 34
1 2 4 6 5 9 3 8 25 10 15 32 51 65 235 54 453 7 18 44
1 2 3 4 9 6 5 32 25 7 22 33 27 84 57 91 130 8 36 11
1 2 4 6 25 54 9 23 3 7 22 18 89 15 44 86 132 77 16 17
1 2 3 4 7 22 17 27 67 146 9 87 10 94 30 34 92 46 40 37
1 2 3 22 16 7 64 99 38 4 18 133 100 49 78 9 27 85 150 10
1 2 4 6 3 9 25 7 15 19 22 54 20 33 10 89 16 41 23 64
1 2 4 6 9 10 5 3 25 54 15 8 7 26 19 17 30 32 20 55
1 2 3 22 27 7 18 44 17 30 84 4 9 10 16 49 123 34 95 92
1 2 3 22 4 27 67 16 9 84 146 139 140 49 10 153 151 152 427 218
1 2 4 9 3 7 15 18 10 28 76 107 162 41 88 204 26 19 46 108
1 2 3 22 27 4 7 84 9 18 10 44 41 95 15 6 62 86 19 26
1 2 4 3 6 7 22 16 49 18 28 106 78 9 17 44 10 5 15 8
1 2 3 7 18 28 22 44 86 17 76 95 155 27 167 84 97 163 30 192
1 2 3 4 22 9 27 7 16 67 6 84 64 10 5 49 62 41 123 99
1 2 4 3 9 15 22 27 10 26 128 84 16 67 170 146 6 148 64 46
1 2 3 7 18 17 22 40 4 28 48 44 86 60 16 66 102 64 27 6
1 2 4 9 3 10 7 6 22 5 17 27 30 67 41 87 32 34 25 15
1 2 4 6 3 5 9 32 7 22 15 17 30 18 10 28 26 46 25 56
1 2 3 7 22 18 17 27 30 16 84 49 67 4 40 9 44 48 6 66
1 2 4 3 7 9 10 22 46 6 5 27 17 32 41 130 18 47 75 212
1 2 3 7 17 22 4 6 30 34 18 9 40 92 44 16 15 380 37 19
1 2 3 4 6 22 16 9 49 78 15 179 356 26 25 471 19 472 55 5
1 2 4 3 6 5 25 22 16 8 27 64 32 51 54 99 7 18 65 67
1 2 4 6 5 8 32 11 9 15 10 130 41 12 212 26 19 88 55 57
1 2 3 4 6 9 25 10 46 54 56 227 228 5 379 487 32 22 475 408
1 2 4 3 22 9 7 10 6 46 17 47 27 18 56 67 146 40 5 48
1 2 4 3 9 6 15 5 22 19 7 27 67 17 87 94 30 32 10 8
1 2 3 7 22 4 18 9 15 6 10 46 47 246 272 27 67 41 5 25
1 2 3 22 27 7 4 18 28 6 84 5 76 16 8 67 51 25 107 58
1 2 3 4 22 6 16 5 32 64 8 51 65 11 38 260 473 477 49 57
1 2 3 4 9 15 19 26 7 18 128 170 230 6 220 17 21 25 28 44
1 2 3 22 16 64 49 27 85 99 70 317 4 7 18 38 234 417 9 10
1 2 4 9 3 10 46 56 227 408 41 7 17 88 480 204 228 18 30 335
1 2 4 6 5 25 3 54 32 130 8 22 212 432 27 7 57 9 84 10
1 2 4 6 25 54 9 15 33 36 89 23 176 5 77 19 120 20 10 178
1 2 4 3 22 27 9 16 49 78 85 15 64 7 173 19 10 84 191 20
1 2 3 22 16 49 27 64 67 38 84 146 62 78 4 99 100 85 151 6
1 2 4 9 10 15 3 19 7 22 6 5 46 8 32 17 25 40 130 41
1 2 3 7 22 4 16 27 18 64 99 38 100 28 17 49 85 210 67 40
1 2 3 7 17 30 4 59 34 74 9 301 96 40 116 502 485 6 25 495
1 2 4 3 6 22 25 5 54 16 7 18 28 44 17 95 89 76 111 33
1 2 4 6 3 25 5 8 7 54 18 44 33 36 32 176 23 51 17 11
1 2 3 7 22 27 67 84 62 87 18 123 112 118 16 119 17 94 146 44
1 2 3 22 27 7 4 16 18 44 86 95 17 9 125 97 6 124 490 64
1 2 3 22 27 16 64 38 67 146 7 84 133 99 70 17 49 503 509 78
1 2 3 7 22 17 4 9 27 84 67 123 6 87 146 10 151 46 112 40
1 2 3 4 9 6 5 25 15 33 8 91 54 11 115 32 51 69 117 26
1 2 3 4 7 6 22 9 10 46 18 16 17 64 27 15 44 25 54 30
1 2 4 6 9 3 22 15 26 5 7 8 25 19 11 27 17 21 51 54
1 2 3 7 17 30 59 34 37 18 28 74 40 92 301 359 492 496 76 79
1 2 3 22 27 67 16 7 4 146 6 151 5 49 149 333 334 218 18 87
1 2 4 3 7 22 18 27 17 84 123 62 30 9 28 40 10 59 34 112
1 2 3 4 9 22 10 46 56 7 227 222 41 15 88 19 20 21 18 500
1 2 4 3 9 15 26 19 21 128 55 170 211 7 230 10 22 183 20 134
1 2 4 9 3 10 7 18 6 41 75 15 83 88 158 26 22 28 44 201
1 2 4 3 9 7 10 15 18 46 47 6 25 28 106 56 181 22 33 54
1 2 3 7 22 4 16 17 40 48 49 60 142 85 210 6 191 27 18 78
1 2 4 3 6 7 18 28 44 95 76 5 32 130 25 171 54 57 212 432
1 2 4 9 10 3 46 56 6 228 7 25 54 33 89 23 36 18 41 77
1 2 3 7 17 40 22 18 44 48 60 66 16 61 4 114 6 95 97 28
1 2 3 22 7 18 44 4 16 64 17 6 40 49 85 30 28 95 9 191
1 2 3 4 6 25 54 23 5 82 77 120 33 9 10 15 36 469 7 321
1 2 3 22 16 4 27 64 99 100 9 49 15 78 84 38 10 150 123 26
1 2 3 7 18 17 30 34 92 44 193 22 4 59 9 6 28 5 27 8
1 2 4 6 3 5 9 22 25 54 33 36 10 8 89 176 11 185 7 41
1 2 4 6 9 5 25 3 32 130 15 54 22 10 8 171 7 51 27 89
1 2 3 22 4 6 16 5 9 64 25 10 54 33 41 91 89 23 38 133
1 2 3 7 4 6 18 9 10 28 41 88 15 26 25 54 128 89 19 113
1 2 4 3 22 9 16 27 6 25 7 64 67 49 84 18 54 99 70 62
1 2 4 3 6 9 5 32 22 16 15 26 130 57 128 10 27 46 64 67
1 2 4 6 9 3 7 22 25 33 54 16 17 27 89 36 40 23 111 113
1 2 4 9 10 3 7 41 75 154 6 17 367 5 32 25 483 83 145 130
1 2 4 9 10 3 15 22 27 41 16 75 88 46 47 64 84 62 6 63
1 2 4 3 22 16 6 7 18 17 44 40 5 49 25 86 8 102 33 85
1 2 4 3 6 7 22 25 33 5 27 84 17 16 9 123 10 91 36 112
1 2 4 9 6 15 26 10 128 3 5 8 55 170 25 183 148 33 41 46
1 2 3 7 17 4 18 40 9 28 15 19 10 106 26 55 48 60 20 46
1 2 4 9 15 10 19 26 41 21 3 75 20 46 24 56 22 228 16 180
1 2 4 9 3 6 25 7 22 17 16 10 46 56 227 15 41 30 75 222
1 2 3 22 4 27 9 84 15 16 64 62 19 63 10 46 47 123 112 224
1 2 3 22 7 27 18 16 67 28 17 40 4 102 9 48 6 146 64 10
1 2 3 4 9 22 15 27 26 10 67 16 7 87 46 84 189 64 6 55
1 2 4 6 5 25 9 15 26 32 130 8 3 54 10 19 41 51 23 20
1 2 3 22 4 6 16 25 9 7 17 5 54 33 10 23 27 36 46 49
1 2 4 3 22 27 67 7 18 6 146 5 44 84 86 87 17 132 219 141
1 2 4 9 15 6 5 25 8 33 32 130 54 11 26 91 55 89 211 98
1 2 4 6 25 54 9 33 15 36 176 10 89 41 88 75 111 154 204 5
1 2 4 3 9 22 6 25 33 16 49 27 84 67 7 17 123 15 36 112
1 2 4 9 6 25 3 54 22 7 5 27 10 89 17 18 84 32 46 56
1 2 3 7 22 27 16 4 49 85 17 191 84 18 214 248 67 30 87 62
1 2 4 9 3 7 18 28 10 22 27 76 46 15 44 47 272 246 26 303
1 2 3 7 4 18 6 22 17 40 30 16 5 102 25 49 121 8 270 59
1 2 4 3 7 18 6 28 44 17 5 76 30 86 106 132 32 130 8 22
1 2 3 7 4 9 17 40 6 22 16 48 30 10 18 66 28 59 34 92
1 2 4 6 3 9 22 15 19 26 55 25 7 10 46 5 18 28 17 44
1 2 4 9 10 3 46 56 47 22 7 41 228 16 49 379 18 335 246 28
1 2 3 7 4 18 17 9 15 40 44 102 121 95 126 6 22 5 27 125
1 2 4 3 22 9 6 27 25 67 84 7 87 54 146 94 18 89 123 62
1 2 3 7 17 18 44 22 95 30 59 79 4 6 5 125 27 25 97 74
1 2 4 9 15 10 3 7 6 46 25 47 22 41 88 158 19 21 27 272
1 2 4 3 6 9 5 25 15 7 33 10 36 32 8 176 57 46 161 47
1 2 4 3 9 22 27 84 6 123 67 217 62 5 112 15 16 19 63 25
1 2 3 22 27 7 84 62 4 16 64 99 17 6 38 123 30 217 100 59
1 2 4 9 15 10 41 19 6 26 55 20 46 5 32 130 212 75 35 21
1 2 3 22 27 4 7 18 84 9 6 44 17 25 62 5 28 76 86 40
1 2 3 7 17 22 16 30 34 37 59 74 40 79 301 287 96 305 92 116
1 2 3 7 17 4 18 40 30 48 102 22 66 121 270 60 9 142 126 394
1 2 3 7 22 27 67 146 84 123 4 6 87 25 33 54 94 17 89 62
1 2 4 3 9 22 6 25 7 33 36 27 176 10 54 46 56 185 228 67
1 2 4 6 3 7 5 18 8 9 17 28 10 44 15 22 19 16 41 46
1 2 4 9 10 3 6 22 7 41 18 44 27 86 132 219 25 67 84 17
1 2 3 7 17 18 30 59 28 40 74 22 106 166 48 301 411 27 84 34
1 2 4 6 25 9 10 15 19 54 3 5 21 33 134 22 36 23 77 20
1 2 4 6 25 54 33 36 23 3 161 89 5 8 7 17 9 30 59 11
1 2 4 6 3 9 10 7 5 32 25 57 15 18 33 44 8 11 28 19
1 2 4 9 6 10 41 15 3 5 75 83 88 145 204 208 505 7 22 409
1 2 4 6 3 9 5 8 15 10 11 12 32 26 14 493 22 486 7 128
1 2 3 4 6 5 7 25 9 8 54 23 15 22 51 26 16 82 321 11
1 2 3 4 6 25 33 22 16 7 91 27 49 115 78 54 18 64 5 84
1 2 4 9 3 10 7 15 41 22 16 27 64 88 84 17 26 19 62 187
1 2 4 6 5 9 10 32 130 3 15 8 26 19 20 57 11 12 73 212
1 2 4 3 22 7 6 27 67 84 5 18 25 33 87 54 16 146 89 123
1 2 4 6 9 5 15 25 32 8 130 51 33 26 91 57 128 58 223 11
1 2 4 9 3 15 6 26 5 128 19 10 25 33 21 46 170 230 22 20
1 2 4 3 22 6 27 84 16 25 9 7 5 49 18 85 28 32 17 106
1 2 4 6 9 10 5 46 3 22 27 47 84 62 63 25 33 36 67 481
1 2 3 4 7 6 22 25 17 16 49 5 54 33 32 18 130 30 27 84
1 2 4 6 25 3 54 23 22 16 89 111 113 77 207 27 147 7 120 64
1 2 3 22 16 49 64 85 38 78 173 234 249 255 264 179 210 423 479 488
1 2 3 7 22 17 18 28 4 27 40 102 84 106 270 181 67 9 87 62
1 2 3 4 7 9 18 22 17 44 30 6 10 28 106 41 5 34 95 15
1 2 4 3 6 7 17 18 5 8 25 40 30 22 9 16 48 102 44 51
1 2 3 7 17 4 40 30 102 34 92 121 48 59 74 347 22 380 6 126
1 2 4 9 10 15 41 26 55 46 56 128 47 228 211 3 335 7 17 88
1 2 3 4 22 9 10 27 46 47 7 18 44 41 6 16 246 75 64 28
1 2 4 6 3 7 17 9 40 10 5 25 22 8 16 11 51 102 58 41
1 2 4 6 5 3 9 10 25 54 41 88 204 22 75 15 83 158 16 64
1 2 3 22 16 27 49 64 78 179 356 337 67 512 99 146 523 7 545 519
1 2 4 6 25 33 3 5 54 7 18 32 57 168 209 44 95 125 17 73
1 2 3 22 7 17 40 30 59 4 79 80 18 16 27 102 84 64 28 76
1 2 4 6 9 25 5 15 3 54 19 33 22 8 26 21 32 23 24 20
1 2 4 9 10 41 75 3 7 88 204 6 22 15 18 83 5 145 25 16
1 2 4 9 15 6 10 25 19 41 54 89 88 21 33 111 24 91 36 26
1 2 3 7 18 44 28 95 4 97 17 86 40 76 9 107 30 6 124 162
1 2 3 7 17 4 18 44 86 30 22 9 27 16 15 59 40 84 102 74
1 2 4 6 3 25 22 7 9 27 17 54 10 30 40 23 82 33 36 84
1 2 4 3 9 15 6 26 22 128 7 18 10 17 25 5 16 41 64 88
1 2 3 4 6 7 17 25 54 89 30 5 32 34 37 113 9 360 40 59
1 2 3 22 4 16 7 18 27 84 123 44 67 217 86 146 9 49 6 10
1 2 3 7 18 17 44 22 28 40 48 60 106 142 102 4 121 270 181 366
1 2 3 22 16 64 27 84 67 87 123 4 6 94 250 25 9 49 265 99
1 2 3 22 4 16 49 64 85 27 84 99 210 70 38 460 78 317 191 248
1 2 3 7 17 30 4 59 40 102 121 79 126 34 18 6 347 25 92 380
1 2 4 9 10 46 47 272 3 273 370 7 18 56 491 484 22 28 498 227
1 2 4 6 3 25 5 7 17 32 30 33 34 18 57 168 37 130 22 73
1 2 3 22 4 27 9 15 26 6 25 33 84 91 10 7 5 54 62 67
1 2 3 7 18 17 44 95 30 4 9 97 6 125 25 206 59 22 74 34
1 2 3 22 27 84 7 16 67 64 99 49 146 78 139 87 62 18 38 85
1 2 3 4 7 22 17 16 6 25 64 27 84 5 49 99 70 100 67 62
1 2 4 9 3 6 5 25 22 27 54 7 15 10 8 23 67 84 41 88
1 2 3 22 7 16 4 18 49 17 27 30 44 64 6 85 78 34 67 92
1 2 3 22 4 7 18 28 16 9 27 15 84 6 26 76 107 162 128 10
1 2 3 4 22 9 16 27 49 6 10 25 15 78 173 7 64 470 17 489
1 2 3 4 6 7 18 44 17 86 30 95 132 40 125 22 236 129 219 25
1 2 4 9 3 6 5 7 15 10 32 18 22 41 75 44 83 17 130 57
1 2 3 4 9 7 6 15 10 46 17 22 26 128 170 19 25 54 89 23
1 2 4 9 6 25 15 33 5 26 8 19 91 20 35 36 32 176 31 161
1 2 4 6 3 9 22 7 27 17 67 87 5 16 64 99 18 94 32 294
1 2 3 22 4 7 17 40 16 48 49 30 64 34 102 6 18 270 59 37
1 2 3 7 18 44 95 17 97 40 4 137 125 330 28 6 106 30 48 206
1 2 3 4 22 9 16 7 17 27 15 6 40 102 18 84 26 67 10 5
1 2 3 7 4 9 6 10 5 25 46 8 51 33 56 228 11 12 22 227
1 2 3 7 18 4 28 44 106 166 95 17 40 6 320 86 452 25 181 76
1 2 3 4 6 9 15 7 25 5 8 17 10 41 26 88 51 40 58 65
1 2 3 7 22 16 27 4 67 9 87 18 6 64 99 189 10 49 100 5
1 2 3 22 16 4 9 27 84 7 67 64 99 62 146 15 123 112 17 38
1 2 4 3 9 7 17 10 30 34 41 6 92 5 8 11 40 22 25 16
1 2 3 4 22 7 18 9 28 6 17 30 5 16 27 40 48 15 34 49
1 2 4 3 7 6 18 28 17 106 25 76 30 166 155 9 5 163 192 320
1 2 4 9 3 7 15 10 19 41 17 20 40 21 29 6 48 5 26 25
1 2 4 6 9 15 3 22 7 5 8 32 10 17 40 102 16 130 18 270
1 2 4 6 25 3 7 18 5 54 89 44 8 32 17 33 91 98 111 113
1 2 3 4 7 18 9 15 19 21 6 28 25 33 10 5 41 22 17 134
1 2 3 4 9 22 16 6 15 25 27 33 67 19 7 17 54 26 89 36
1 2 4 3 7 18 44 28 9 15 26 95 97 125 124 17 76 490 6 206
1 2 4 3 9 10 41 46 6 88 22 47 158 204 27 84 208 62 187 246
1 2 4 3 22 27 6 67 84 87 189 123 9 112 7 94 146 15 118 217
1 2 4 6 3 22 7 25 5 32 8 17 130 57 168 40 18 44 54 95
1 2 3 22 16 27 7 84 62 187 190 18 63 67 28 64 87 49 224 481
1 2 4 6 9 10 15 26 46 55 47 19 41 75 154 272 172 367 5 483
1 2 4 3 22 6 9 27 7 16 10 49 5 84 18 8 78 51 11 25
1 2 4 9 3 7 17 18 30 44 86 59 132 79 95 34 127 125 236 28
1 2 4 6 3 25 5 22 27 9 10 7 84 17 62 123 46 54 41 40
1 2 3 4 22 16 6 7 5 27 64 17 67 8 84 38 30 234 123 133
1 2 4 9 3 6 15 5 22 7 17 27 18 32 26 8 44 130 51 55
1 2 4 3 6 9 15 5 22 8 26 19 25 7 55 16 51 18 10 32
1 2 3 4 7 6 18 28 17 44 9 15 40 22 95 106 76 107 97 27
1 2 4 6 3 7 22 18 17 25 30 27 40 5 9 28 59 34 92 79
1 2 3 4 9 6 15 25 10 46 19 54 23 82 22 16 56 33 5 321
1 2 4 9 10 3 22 41 7 27 17 75 30 83 6 40 84 398 59 145
1 2 3 4 7 17 6 22 9 18 16 49 30 28 64 25 99 27 59 54
1 2 3 7 17 40 4 48 6 30 66 34 102 9 59 79 15 60 37 10
1 2 4 3 22 6 25 54 16 7 64 99 27 38 18 17 30 84 59 40
1 2 3 22 16 27 49 64 4 9 38 7 78 133 85 358 234 84 62 249
1 2 4 9 10 3 46 41 22 56 75 16 64 99 7 154 17 30 34 227
1 2 4 9 15 6 5 25 54 89 23 77 32 3 120 469 57 7 494 18
1 2 4 3 7 6 9 22 25 27 54 15 17 89 18 30 34 5 40 92
1 2 4 3 22 16 27 6 25 67 9 87 33 64 189 7 49 84 18 78
1 2 4 6 5 25 32 54 23 82 164 57 8 130 11 212 274 51 65 275
1 2 3 4 22 9 7 6 27 5 16 64 32 99 10 57 17 15 130 67
1 2 3 7 22 18 27 4 16 9 64 84 67 28 17 146 40 87 48 76
1 2 3 22 16 7 4 18 27 84 28 62 49 67 146 187 76 107 139 87
1 2 4 9 6 5 15 25 54 19 3 8 33 21 7 17 18 30 34 51
1 2 3 4 9 22 16 7 10 15 46 27 84 67 47 123 64 26 246 272
1 2 3 22 7 16 18 64 27 38 84 62 234 249 67 133 99 63 87 255
1 2 3 7 4 9 17 22 10 40 18 15 6 30 44 34 46 86 37 41
1 2 4 9 6 10 5 46 56 3 47 272 227 22 246 25 54 23 408 273
1 2 3 4 6 7 17 18 44 5 86 8 132 95 51 141 129 22 219 32
1 2 3 4 9 22 15 10 41 26 46 128 55 27 88 170 67 19 7 84
1 2 3 22 4 9 10 6 46 56 16 25 7 228 5 33 379 32 49 36
1 2 3 22 4 7 18 44 86 132 17 28 141 76 16 95 106 40 48 107
1 2 4 9 6 5 32 8 130 10 171 3 41 11 7 51 75 386 22 83
1 2 4 3 6 9 25 5 33 8 7 18 54 11 103 51 23 89 32 82
1 2 4 6 25 33 3 36 5 161 288 499 176 54 91 32 22 8 507 178
1 2 3 4 9 15 7 17 6 40 30 19 26 18 20 35 28 25 76 29
1 2 3 4 7 18 22 17 16 6 30 34 37 9 287 10 40 64 359 92
1 2 4 6 5 32 3 22 27 130 171 451 8 11 25 12 14 54 51 103
1 2 3 7 4 18 6 25 17 5 32 33 57 44 91 130 212 274 275 30
1 2 4 9 3 6 25 54 23 10 33 82 41 77 7 89 147 111 321 120
1 2 3 7 4 9 22 18 15 6 17 40 30 16 44 19 64 25 38 234
1 2 4 3 22 6 7 5 17 9 32 15 27 30 16 130 49 57 73 34
1 2 3 7 17 18 44 28 22 106 76 86 107 108 181 501 155 510 136 4
1 2 3 4 7 22 27 17 30 34 40 18 6 59 25 92 9 380 33 91
1 2 4 6 3 7 22 9 17 30 25 27 34 40 54 18 67 5 89 59
1 2 4 6 5 3 32 57 7 17 130 168 209 9 171 10 18 517 197 8
1 2 3 22 27 84 67 4 62 63 187 9 10 224 6 233 16 41 49 7
1 2 4 9 6 15 19 20 21 134 26 3 35 22 10 41 43 29 7 159
1 2 4 9 10 41 75 6 15 5 32 154 8 46 56 26 11 47 227 367
1 2 3 7 4 22 18 44 28 9 6 25 15 26 5 86 33 106 16 76
1 2 3 4 7 9 22 6 18 16 5 27 25 17 49 85 78 210 456 8
1 2 4 3 22 6 7 18 9 44 15 10 19 25 26 5 17 27 16 41
1 2 3 4 22 7 16 17 30 34 40 6 48 66 27 67 9 146 10 87
1 2 3 22 4 16 6 27 64 99 25 84 33 62 7 49 36 161 54 70
1 2 3 22 4 27 16 67 9 49 87 189 146 64 78 99 151 314 6 149
1 2 4 6 3 7 5 8 17 11 32 9 103 263 15 22 40 30 48 26
1 2 4 6 9 5 32 57 10 25 168 46 3 47 272 15 22 33 73 54
1 2 3 22 16 64 99 27 70 67 100 317 150 38 49 4 9 78 160 157
1 2 4 6 9 10 46 47 5 41 75 15 19 26 83 398 145 20 409 55
1 2 3 4 6 22 5 25 7 18 32 54 27 17 40 67 44 130 84 16
1 2 4 3 7 22 9 16 49 18 28 78 173 15 26 10 46 44 55 56
1 2 4 6 5 8 3 22 27 84 67 16 49 9 10 46 41 123 78 85
1 2 4 9 15 3 10 26 46 22 128 47 272 56 41 370 27 55 273 170
1 2 3 4 7 22 9 15 19 17 26 16 40 55 64 48 128 18 28 10
1 2 4 3 9 6 25 10 54 46 41 88 158 47 201 202 7 246 75 232
1 2 4 9 15 6 19 21 26 25 33 128 148 10 36 161 55 176 288 41
1 2 4 6 25 3 7 17 54 89 18 113 22 360 28 111 16 513 44 27
1 2 4 9 6 15 10 19 3 46 7 56 5 20 17 227 222 29 35 500
1 2 3 4 6 22 5 27 32 8 67 9 87 84 25 123 57 54 146 217
1 2 3 7 18 44 28 22 17 86 27 84 95 76 30 59 40 62 187 4
1 2 4 6 9 25 15 19 3 7 20 54 29 26 33 35 31 91 36 39
1 2 4 3 7 17 9 15 26 6 19 55 21 40 290 391 134 211 22 238
1 2 3 4 7 6 9 22 16 64 27 18 28 5 49 44 17 15 95 76
1 2 3 4 6 22 16 7 9 10 18 64 99 46 25 33 27 41 75 70
1 2 4 9 15 10 19 26 55 3 41 6 7 22 17 211 16 128 5 88
1 2 4 9 3 7 10 15 6 22 17 41 18 28 27 44 16 75 40 46
1 2 4 3 9 6 22 25 27 84 16 5 67 32 130 54 10 41 89 57
1 2 4 6 9 3 5 10 7 46 18 25 41 33 36 88 56 228 8 47
1 2 3 22 4 7 9 15 17 40 6 18 25 54 5 27 26 19 30 102
1 2 4 6 25 5 8 32 3 22 11 51 57 58 27 33 91 84 256 65
1 2 3 4 22 16 6 49 64 85 99 5 70 9 10 41 25 8 33 100
1 2 3 7 18 44 22 4 86 95 132 17 125 236 237 240 9 10 522 141
1 2 3 7 22 18 17 30 34 28 40 92 102 4 106 121 6 166 181 16
1 2 3 22 4 6 25 16 9 64 33 91 98 115 10 5 54 109 49 32
1 2 3 22 27 4 7 84 18 123 6 112 28 118 67 76 217 62 146 300
1 2 3 7 17 18 30 44 86 4 34 95 125 92 380 6 40 25 97 5
1 2 4 3 7 6 9 17 40 22 5 8 27 25 102 270 11 48 66 30
1 2 4 3 22 27 84 67 16 64 7 87 189 225 49 17 85 6 40 9
1 2 3 7 4 22 17 40 6 27 25 30 18 5 8 102 67 121 33 54
1 2 3 4 9 15 26 10 46 47 7 18 44 22 41 88 19 272 56 204
1 2 4 6 25 3 54 7 22 9 89 113 33 360 17 27 5 15 23 82
1 2 4 6 3 5 25 32 33 91 22 57 98 8 51 7 73 58 54 130
1 2 3 22 16 27 49 64 84 78 7 123 4 62 187 9 112 18 17 173
1 2 3 4 9 10 6 41 5 75 46 8 47 272 154 370 88 158 172 56
1 2 3 4 22 27 7 16 49 85 191 67 9 10 214 41 87 248 88 6
1 2 3 22 7 16 18 28 64 76 49 27 17 107 84 162 99 62 85 191
1 2 4 3 6 25 7 5 18 33 8 9 91 17 40 11 48 66 51 28
1 2 4 9 6 3 10 46 47 22 25 5 54 246 41 272 16 15 303 370
1 2 3 7 17 4 22 40 30 102 34 270 9 10 92 27 6 331 41 366
1 2 3 22 7 27 18 84 17 30 123 112 59 217 67 40 28 146 296 4
1 2 3 7 22 16 17 18 30 64 99 49 27 59 34 38 234 84 85 133
1 2 4 6 25 9 33 15 5 26 19 21 3 91 22 36 54 128 55 20
1 2 3 7 4 22 9 27 16 64 18 99 49 28 106 181 38 199 76 84
1 2 4 6 3 9 15 7 25 26 5 128 55 22 18 10 211 27 33 46
1 2 4 6 3 25 7 18 28 76 107 22 155 9 33 16 108 5 17 44
1 2 4 9 15 19 3 22 20 7 21 6 10 16 5 26 8 24 11 18
1 2 4 6 3 9 10 25 7 18 22 27 5 17 44 28 16 46 15 41
1 2 4 6 9 25 10 54 89 3 23 113 82 33 111 164 385 395 22 221
1 2 4 6 3 22 9 27 5 25 16 67 33 49 84 10 15 91 146 7
1 2 3 7 17 40 4 6 30 18 5 32 8 44 130 171 386 497 11 12
1 2 3 22 16 4 64 9 7 17 38 6 133 10 15 40 26 30 99 70
1 2 3 7 17 30 18 34 59 44 92 74 193 4 95 301 22 305 380 292
1 2 4 6 3 22 9 27 84 5 8 7 32 16 15 67 51 62 26 87
1 2 4 3 6 25 22 54 89 5 33 7 111 221 9 17 91 443 229 16
1 2 4 3 22 16 7 17 27 6 9 30 34 37 5 59 64 10 40 46
1 2 4 9 15 19 10 26 6 25 20 3 55 22 27 54 46 89 23 7
1 2 3 4 7 6 9 18 17 44 30 22 59 10 86 25 34 79 40 28
1 2 4 9 6 25 3 7 54 33 89 22 15 17 23 77 147 120 113 111
1 2 3 7 22 16 18 27 49 17 40 102 48 44 30 86 28 270 66 4
1 2 3 4 6 9 15 5 7 8 11 32 130 25 33 212 91 103 432 17
1 2 4 9 6 5 15 26 3 8 55 7 17 40 128 51 148 11 103 48
1 2 4 3 22 9 15 19 21 7 6 16 49 20 25 26 17 18 30 24
1 2 3 7 17 22 16 64 99 49 85 38 40 27 78 173 210 70 18 254
1 2 4 3 6 25 54 89 111 23 77 5 32 130 212 221 443 147 274 504
1 2 3 22 27 84 7 16 67 64 49 18 17 85 40 210 28 87 254 44
1 2 3 7 22 27 17 16 4 49 6 40 64 102 270 121 38 126 5 48
1 2 3 4 9 15 26 19 6 7 21 17 5 18 44 134 40 48 25 54
1 2 4 9 10 41 75 15 154 46 367 83 88 382 528 6 145 204 514 208
1 2 4 6 5 9 15 32 10 3 19 20 41 8 46 26 75 128 148 22
1 2 3 4 9 22 27 67 84 146 151 62 149 15 6 340 218 26 55 187
1 2 4 3 7 17 9 6 30 18 44 5 28 86 15 10 32 106 41 88
1 2 3 7 18 17 4 44 95 125 97 22 27 67 6 86 84 40 124 206
1 2 3 22 27 67 84 87 146 151 4 6 218 94 5 9 123 25 139 10
1 2 3 4 7 18 44 6 17 86 40 22 95 132 27 125 67 5 16 236
1 2 4 6 5 3 25 8 22 33 91 9 15 115 98 54 104 16 23 7
1 2 3 4 22 7 9 27 17 40 16 15 48 102 121 64 60 38 49 10
1 2 3 7 17 22 27 84 4 6 30 34 16 123 25 54 23 112 67 62
1 2 3 4 7 17 30 9 34 15 22 6 92 10 40 5 19 26 21 27
1 2 4 6 25 54 23 89 82 77 111 33 3 164 5 113 243 437 120 360
1 2 3 4 22 9 10 41 16 88 27 15 26 128 49 148 393 64 158 38
1 2 3 4 7 17 6 18 44 25 5 33 32 57 28 30 54 86 22 130
1 2 3 22 4 9 7 16 49 15 78 179 26 6 337 356 17 357 19 30
1 2 4 9 3 6 22 16 25 54 5 23 33 8 10 91 89 11 51 12
1 2 3 22 27 4 7 16 9 15 64 18 99 49 85 67 191 19 20 38
1 2 4 9 3 6 25 33 15 91 26 10 98 46 54 55 211 89 36 176
1 2 4 3 9 7 6 25 54 17 5 18 15 30 28 10 44 32 46 106
1 2 3 22 16 49 7 18 64 28 85 17 99 44 86 70 95 38 460 125
1 2 4 3 6 7 25 17 33 18 40 9 36 30 102 48 60 270 15 34
1 2 3 4 6 25 54 23 22 33 77 9 27 67 5 10 84 123 36 176
1 2 4 6 3 9 7 18 44 22 16 28 10 27 49 106 166 320 76 25
1 2 4 9 6 5 3 7 17 10 22 18 40 46 30 44 25 56 41 16
1 2 4 9 15 6 5 25 54 26 32 128 130 3 89 10 171 41 88 19
1 2 3 4 9 15 19 6 26 25 7 128 54 89 10 148 393 21 403 5
1 2 3 22 4 6 27 7 9 5 84 67 146 16 49 85 17 15 25 64
1 2 3 22 4 6 25 33 5 27 84 7 36 91 62 176 17 187 123 16
1 2 4 6 25 5 8 3 7 22 27 84 9 16 123 51 15 19 64 65
1 2 4 6 5 25 32 54 8 130 23 212 9 89 82 432 111 274 11 113
1 2 3 22 16 4 27 84 62 67 9 63 146 10 481 224 151 520 6 233
1 2 3 22 27 4 7 84 6 67 17 25 30 40 34 59 16 92 5 64
1 2 3 4 9 15 19 22 7 27 20 67 6 26 25 35 146 128 87 139
1 2 3 4 7 18 28 9 15 106 22 17 6 76 166 25 155 320 40 33
1 2 4 9 3 15 26 6 19 128 148 55 7 20 29 393 10 445 211 22
1 2 3 4 6 22 9 10 46 16 47 25 64 246 5 272 15 32 26 266
1 2 3 4 22 6 9 25 15 33 36 7 27 5 18 17 67 10 84 54
1 2 4 6 5 8 9 11 51 58 15 10 26 32 130 128 12 19 103 25
1 2 3 22 7 4 27 67 18 44 146 9 84 139 17 10 30 16 151 46
1 2 3 22 4 6 25 54 33 89 5 23 113 8 7 27 77 243 9 508
1 2 3 4 22 16 64 49 6 38 5 133 25 54 9 89 23 78 32 179
1 2 4 6 5 25 54 3 23 89 77 7 32 22 147 82 33 8 57 113
1 2 4 3 6 5 32 22 16 7 130 25 9 17 57 49 171 78 168 40
1 2 3 22 16 4 9 7 49 18 27 28 84 67 123 15 112 76 64 107
1 2 4 6 3 9 25 54 22 89 111 23 16 64 15 26 207 216 19 531
1 2 3 7 22 27 84 123 67 18 217 4 6 17 28 112 383 138 16 464
1 2 4 9 3 7 22 27 10 67 46 15 87 19 20 84 56 21 41 189
1 2 4 3 7 18 9 28 76 155 10 15 107 44 163 106 108 526 26 167
1 2 4 6 9 3 22 15 5 16 7 10 26 49 46 41 56 85 88 228
1 2 3 22 7 18 27 84 67 123 17 146 112 138 118 40 4 48 6 87
1 2 4 3 7 9 22 18 17 6 15 28 26 40 27 102 25 33 10 84
1 2 4 6 9 3 22 25 10 27 5 8 46 32 7 41 130 11 51 54
1 2 4 9 6 5 10 46 25 15 26 3 56 19 32 55 33 211 22 7
1 2 3 4 6 25 22 27 9 33 5 7 32 17 57 36 10 130 30 40
1 2 3 22 4 16 27 7 84 67 18 6 28 49 64 76 106 123 9 10
1 2 3 4 7 18 9 6 15 25 28 106 5 76 22 26 155 19 166 163
1 2 4 9 3 15 19 6 7 18 22 5 20 10 44 32 86 41 95 17
1 2 3 4 22 7 17 27 84 18 40 30 34 48 66 6 114 102 121 347
1 2 3 22 7 4 18 27 6 17 9 40 28 106 5 76 181 32 166 8
1 2 4 3 6 7 18 44 22 95 16 9 27 17 64 30 84 28 125 97
1 2 4 9 15 10 26 128 19 6 20 55 41 5 21 88 204 32 130 46
1 2 4 3 6 9 7 5 32 22 130 171 18 8 27 15 57 16 451 25
1 2 4 6 25 33 3 7 36 17 161 5 176 91 9 8 15 185 26 54
1 2 3 7 4 6 25 18 33 91 5 9 22 10 98 46 28 32 44 47
1 2 4 3 22 7 6 27 84 16 49 9 85 10 64 99 25 17 30 18
1 2 4 3 7 22 6 27 67 17 87 40 189 225 314 18 30 34 324 48
1 2 4 6 5 9 10 8 3 41 25 51 88 46 65 22 58 54 33 56
1 2 3 7 4 22 17 30 27 67 9 15 34 40 102 37 270 287 59 26
1 2 3 22 4 6 5 8 27 51 7 25 16 65 49 17 78 67 54 32
1 2 4 9 15 3 7 17 30 34 37 359 40 22 18 506 102 530 48 26
1 2 4 6 3 7 18 25 28 9 76 17 10 22 106 15 26 33 91 166
1 2 3 7 22 16 64 17 38 27 49 40 78 234 84 30 133 48 60 18
1 2 4 3 7 9 15 19 20 22 29 21 35 26 10 17 55 211 290 40
1 2 4 3 6 22 16 7 25 64 18 38 33 133 5 99 100 49 358 36
1 2 4 6 25 5 3 7 17 33 18 91 36 22 28 76 106 166 181 8
1 2 3 4 9 22 6 25 33 91 15 5 8 7 10 11 18 98 54 16
1 2 3 4 22 6 7 18 25 44 17 16 30 54 95 97 137 330 34 529
1 2 3 4 22 9 15 16 10 27 26 55 49 128 148 67 78 211 64 84
1 2 4 6 9 5 10 41 75 46 47 272 3 7 273 25 361 18 22 33
